#SpecName      Dummy     eps/k     sigma     Dummy     Dummy     Dummy
AR                 0   136.500     3.330     0.000     0.000     0.000          
C                  0    71.400     3.298     0.000     0.000     0.000    
CH                 1    80.000     2.750     0.000     0.000     0.000          
CH2                1   144.000     3.800     0.000     0.000     0.000          
CH2*               1   144.000     3.800     0.000     0.000     0.000          
CH3                1   144.000     3.800     0.000     0.000     0.000          
CH4                2   141.400     3.746     0.000     2.600    13.000          
CO                 1    98.100     3.650     0.000     1.950     1.800          
CO2                1   244.000     3.763     0.000     2.650     2.100          
HCO                2   498.000     3.590     0.000     0.000     0.000          
CH2O               2   498.000     3.590     0.000     0.000     2.000          
CH2OH              2   417.000     3.690     1.700     0.000     2.000          
CH3O               2   417.000     3.690     1.700     0.000     2.000          
CH3OH              2   481.800     3.626     0.000     0.000     1.000   
                                                                                
C2                 1    97.530     3.621     0.000     1.760     4.000          
C2O                1   232.400     3.828     0.000     0.000     1.000     
C2H                1   209.000     4.100     0.000     0.000     2.500          
C2H2               1   209.000     4.100     0.000     0.000     2.500          
H2CC               2   209.000     4.100     0.000     0.000     2.500
C2H3               2   209.000     4.100     0.000     0.000     1.000    
C2H4               2   280.800     3.971     0.000     0.000     1.500          
C2H5               2   252.300     4.302     0.000     0.000     1.500          
C2H6               2   252.300     4.302     0.000     0.000     1.500          
HCCO               2   150.000     2.500     0.000     0.000     1.000     
HCCOH              2   436.000     3.970     0.000     0.000     2.000          
CH2CO              2   436.000     3.970     0.000     0.000     2.000          
CH2CHO             2   436.000     3.970     0.000     0.000     2.000          
C2H2OH             2   224.700     4.162     0.000     0.000     1.000 
                                                                                
C3H3               2   252.000     4.760     0.000     0.000     1.000   
aC3H4              1   252.000     4.760     0.000     0.000     1.000          
pC3H4              1   252.000     4.760     0.000     0.000     1.000          
cC3H4              1   252.000     4.760     0.000     0.000     1.000
CH2OCH2            1   252.000     4.760     0.000     0.000     1.000
CH2OCH             1   252.000     4.760     0.000     0.000     1.000
CH3CH2CHO          1   252.000     4.760     0.000     0.000     1.000
                                                                                
iC4H5              2   357.000     5.180     0.000     0.000     1.000   
C4H6               2   357.000     5.180     0.000     0.000     1.000         
HE                 0    10.200     2.576     0.000     0.000     0.000      
H                  0   145.000     2.050     0.000     0.000     0.000          
H2                 1    38.000     2.920     0.000     0.790   280.000          
H2O                2   572.400     2.605     1.844     0.000     4.000          
H2O2               2   107.400     3.458     0.000     0.000     3.800          
HO2                2   107.400     3.458     0.000     0.000     1.000     
N2                 1    97.530     3.621     0.000     1.760     4.000          
O                  0    80.000     2.750     0.000     0.000     0.000          
O2                 1   107.400     3.458     0.000     1.600     3.800          
OH                 1    80.000     2.750     0.000     0.000     0.000          
                                                                                
                                                                                
aC3H5              2   266.800     4.982     0.000     0.000     1.000
CH3CCH2            2   266.800     4.982     0.000     0.000     1.000
CH3CHCH            2   266.800     4.982     0.000     0.000     1.000
C3H6               2   266.800     4.982     0.000     0.000     1.000
C3H7               2   266.800     4.982     0.000     0.000     1.000
C4H6               2   357.000     5.180     0.000     0.000     1.000
iC3H7              2   266.800     4.982     0.000     0.000     1.000
nC3H7              2   266.800     4.982     0.000     0.000     1.000
C3H8               2   266.800     4.982     0.000     0.000     1.000
C4H                1   357.000     5.180     0.000     0.000     1.000
C4H2               1   357.000     5.180     0.000     0.000     1.000
C4H2OH             2   224.700     4.162     0.000     0.000     1.000 ! *
iC4H5              2   357.000     5.176     0.000     0.000     1.000
C4H6               2   357.000     5.176     0.000     0.000     1.000
C4H7               2   357.000     5.176     0.000     0.000     1.000
iC4H7              2   357.000     5.176     0.000     0.000     1.000
C4H81              2   357.000     5.176     0.000     0.000     1.000
C4H82              2   357.000     5.176     0.000     0.000     1.000
iC4H8              2   357.000     5.176     0.000     0.000     1.000
tC4H9              2   357.000     5.176     0.000     0.000     1.000
iC4H9              2   357.000     5.176     0.000     0.000     1.000
pC4H9              2   357.000     5.176     0.000     0.000     1.000
sC4H9              2   357.000     5.176     0.000     0.000     1.000
C4H10              2   357.000     5.176     0.000     0.000     1.000
iC4H10             2   357.000     5.176     0.000     0.000     1.000
CH3COCH3           2   357.000     5.176     0.000     0.000     1.000
C2H3CHO            2   357.000     5.176     0.000     0.000     1.000
iC4H7O             2   450.000     5.500     0.000     0.000     1.000 ! JAM
CH3CHO             2   436.000     3.970     0.000     0.000     2.000
CH3CO              2   436.000     3.970     0.000     0.000     2.000


NC12H26            2   789.980     7.047     0.000     0.000     1.000  !  n-dodecane
PXC12H25           2   789.980     7.047     0.000     0.000     1.000  !  
SXC12H25           2   789.980     7.047     0.000     0.000     1.000  !  
S2XC12H25          2   789.980     7.047     0.000     0.000     1.000  !  
S3XC12H25          2   789.980     7.047     0.000     0.000     1.000  !  
S4XC12H25          2   789.980     7.047     0.000     0.000     1.000  !  
S5XC12H25          2   789.980     7.047     0.000     0.000     1.000  !  
C12H24             2   775.294     7.090     0.000     0.000     1.000  !  1-dodecene
C12H23             2   775.294     7.090     0.000     0.000     1.000  !  
NC11H24            2   750.460     6.834     0.000     0.000     1.000  !  n-undecane
PXC11H23           2   750.460     6.834     0.000     0.000     1.000  !  
SXC11H23           2   750.460     6.834     0.000     0.000     1.000  !  
S2XC11H23          2   750.460     6.834     0.000     0.000     1.000  !  
S3XC11H23          2   750.460     6.834     0.000     0.000     1.000  !  
S4XC11H23          2   750.460     6.834     0.000     0.000     1.000  !  
S5XC11H23          2   750.460     6.834     0.000     0.000     1.000  !  
C11H22             2   763.817     6.688     0.000     0.000     1.000  !  1-undecene
C11H21             2   763.817     6.688     0.000     0.000     1.000  !  
NC10H22            2   704.917     6.675     0.000     0.000     1.000  !  n-decane
PXC10H21           2   704.917     6.675     0.000     0.000     1.000  !
SXC10H21           2   704.917     6.675     0.000     0.000     1.000  !
S2XC10H21          2   704.917     6.675     0.000     0.000     1.000  !
S3XC10H21          2   704.917     6.675     0.000     0.000     1.000  !
S4XC10H21          2   704.917     6.675     0.000     0.000     1.000  !
C10H20             2   698.122     6.578     0.000     0.000     1.000  !  1-decene
C10H19             2   698.122     6.578     0.000     0.000     1.000  !  
NC9H20             2   660.032     6.467     0.000     0.000     1.000  !  n-nonane
PXC9H19            2   660.032     6.467     0.000     0.000     1.000  !  
SXC9H19            2   660.032     6.467     0.000     0.000     1.000  !  
S2XC9H19           2   660.032     6.467     0.000     0.000     1.000  !  
S3XC9H19           2   660.032     6.467     0.000     0.000     1.000  !  
S4XC9H19           2   660.032     6.467     0.000     0.000     1.000  !  
C9H18              2   655.390     6.331     0.000     0.000     1.000  !  1-nonene
C9H17              2   655.390     6.331     0.000     0.000     1.000  !  
NC8H18             2   613.127     6.250     0.000     0.000     1.000  !  n-octane
PXC8H17            2   613.127     6.250     0.000     0.000     1.000  !  
SXC8H17            2   613.127     6.250     0.000     0.000     1.000  !  
S2XC8H17           2   613.127     6.250     0.000     0.000     1.000  !  
S3XC8H17           2   613.127     6.250     0.000     0.000     1.000  !  
C8H16              2   608.488     6.100     0.000     0.000     1.000  !  1-octene
C8H15              2   608.488     6.100     0.000     0.000     1.000  !  
NC7H16             2   564.030     6.004     0.000     0.000     1.000  !  n-heptane
PXC7H15            2   564.030     6.004     0.000     0.000     1.000  !  
SXC7H15            2   564.030     6.004     0.000     0.000     1.000  !  
S2XC7H15           2   564.030     6.004     0.000     0.000     1.000  !  
S3XC7H15           2   564.030     6.004     0.000     0.000     1.000  !  
C7H14              2   557.947     5.876     0.000     0.000     1.000  !  1-heptene
C7H13              2   557.947     5.876     0.000     0.000     1.000  !  
NC6H14             2   512.225     5.742     0.000     0.000     1.000  !  n-hexane
PXC6H13            2   512.225     5.742     0.000     0.000     1.000  !  
SXC6H13            2   512.225     5.742     0.000     0.000     1.000  !  
S2XC6H13           2   512.225     5.742     0.000     0.000     1.000  !  
C6H12              2   504.629     5.628     0.000     0.000     1.000  !  1-hexene
C6H11              2   504.629     5.628     0.000     0.000     1.000  !  
NC5H12             2   458.182     5.445     0.000     0.000     1.000  !  n-pentane
PXC5H11            2   458.182     5.445     0.000     0.000     1.000  !  
SXC5H11            2   458.182     5.445     0.000     0.000     1.000  !  
S2XC5H11           2   458.182     5.445     0.000     0.000     1.000  !  
C5H10              2   448.508     5.342     0.000     0.000     1.000  !  1-pentene
C5H9               2   448.508     5.342     0.000     0.000     1.000  !  
C12H25O2           2   805.031     7.102     0.000     0.000     1.000
C12OOH             2   805.031     7.102     0.000     0.000     1.000
O2C12H24OOH        2   877.052     7.457     0.000     0.000     1.000
OC12H23OOH         2   839.348     7.273     0.000     0.000     1.000



