-8.57929284E-01
3.65436395E+00
-3.98339635E-01
1.75883009E-02
-1.93718739E+00
2.89110219E+00
-2.71096923E-01
1.15344907E-02
1.69267361E+00
1.92606504E+00
-1.73487476E-01
7.82572931E-03
1.50119731E+01
-3.63267854E+00
5.92839101E-01
-2.62920439E-02
9.24084392E+00
-4.69568931E-01
1.15980279E-01
-2.61033830E-03
2.33729817E+01
-8.96536433E+00
1.52828665E+00
-7.58551778E-02
-1.13649314E+01
5.88177395E+00
-5.68651819E-01
2.03561485E-02
-1.12960913E+00
2.34014305E+00
-1.63245030E-01
5.80319600E-03
8.83996545E-01
1.31525428E+00
1.91774576E-02
-4.41642722E-03
1.18777264E+01
-3.15463949E+00
6.01973268E-01
-3.03211261E-02
6.30243508E+00
-2.22810801E+00
6.37340514E-01
-3.81056018E-02
2.06524872E+00
1.69625877E+00
-1.42936462E-01
6.47223426E-03
2.08093824E+01
-6.24180163E+00
9.82387427E-01
-4.50360664E-02
1.29177902E+01
-3.73745535E+00
7.15831021E-01
-3.63846910E-02
1.32973935E+01
-4.31770522E+00
8.57562813E-01
-4.51644164E-02
5.39305086E+00
-2.39312375E+00
7.39585221E-01
-4.58435589E-02
-5.96382813E+00
4.39356020E+00
-3.97598260E-01
1.39749624E-02
1.33513522E+01
-4.32126196E+00
8.36087620E-01
-4.37693086E-02
-8.32871231E+00
3.97067262E+00
-2.21252287E-01
1.47870329E-03
-7.70164502E+00
4.56884453E+00
-4.04747583E-01
1.40841060E-02
1.89383266E+01
-6.51018128E+00
1.13292060E+00
-5.69603226E-02
-3.17202048E+00
3.47025711E+00
-3.75102111E-01
1.66086076E-02
-1.83491607E+00
5.55823162E-01
3.51309919E-01
-2.85527489E-02
1.05517076E+00
4.29805638E-02
3.31460301E-01
-2.40803935E-02
-6.14588187E+00
2.47428873E+00
6.43999571E-02
-1.45368336E-02
1.07413889E+01
-3.75495104E+00
8.44678023E-01
-4.65824234E-02
-1.09161966E+01
4.72455504E+00
-2.74342953E-01
1.98982791E-03
-9.10384516E+00
4.54798869E+00
-3.18114458E-01
6.59577576E-03
-1.46152839E+01
6.36251406E+00
-5.03832130E-01
1.26121050E-02
-8.95009705E+00
4.02515080E+00
-1.84063946E-01
-1.94054752E-03
-5.36683560E+00
2.98311144E+00
-1.14643230E-01
-2.12830349E-03
-1.51505495E+01
6.60055580E+00
-5.50266319E-01
1.52072675E-02
-8.81913142E+00
3.70554072E+00
-1.14942694E-01
-6.09987938E-03
-1.01177461E+00
1.61319062E+00
2.38461645E-02
-6.53893961E-03
-3.15963092E+01
1.36690300E+01
-1.57444544E+00
6.51266833E-02
-1.92915936E+01
8.40108877E+00
-8.06294930E-01
2.74431376E-02
-1.09902209E+01
4.70647707E+00
-2.52272495E-01
1.75193258E-04
-1.93799923E+01
8.30033923E+00
-7.71586937E-01
2.50297465E-02
-1.68253928E+01
7.24461215E+00
-6.31940859E-01
1.87193001E-02
-9.88661483E+00
5.06298161E+00
-4.26006643E-01
1.29826847E-02
-1.03464700E+01
4.84988999E+00
-3.41960079E-01
6.99461558E-03
-1.52723911E+01
6.90565222E+00
-6.26093262E-01
2.00161277E-02
-1.55349545E+01
6.93197214E+00
-6.20173394E-01
1.93937783E-02
-1.64558271E+01
7.45647853E+00
-7.25474486E-01
2.54836971E-02
-3.09734463E+01
1.34634175E+01
-1.56099706E+00
6.47834793E-02
-2.07930644E+01
9.11436054E+00
-9.20137348E-01
3.31054613E-02
-1.03269208E+01
5.86210905E+00
-6.18003213E-01
2.49409602E-02
-1.73971482E+01
7.61928364E+00
-7.15775364E-01
2.38170713E-02
-2.81084112E+00
2.75465394E+00
-1.72776182E-01
3.85749158E-03
-1.24284942E+01
6.00436813E+00
-5.45829232E-01
1.79106986E-02
-1.37678628E+01
6.57462386E+00
-6.37625303E-01
2.27912990E-02
-9.08984866E+00
4.43804377E+00
-3.13264279E-01
6.73204807E-03
-1.17836561E+01
5.28562812E+00
-3.82216756E-01
8.04364507E-03
-3.83233069E+01
1.68238861E+01
-2.06200942E+00
8.96738536E-02
-1.01292877E+01
5.05526805E+00
-4.33375807E-01
1.34632159E-02
-9.83157900E+00
4.73730208E+00
-3.61652535E-01
9.25437829E-03
-9.96499120E+00
4.73964852E+00
-3.61518605E-01
9.27446247E-03
-3.08261277E+01
1.31616069E+01
-1.46353045E+00
5.72998073E-02
-1.95552121E+01
8.47520158E+00
-8.23299107E-01
2.82814567E-02
-1.84065238E+01
8.00459612E+00
-7.58715098E-01
2.53638853E-02
-3.54707920E+01
1.45920282E+01
-1.60773875E+00
6.19393503E-02
-3.66476267E+01
1.57235363E+01
-1.85507618E+00
7.79590574E-02
-3.36360140E+01
1.45542539E+01
-1.68908744E+00
7.00248330E-02
-3.38814964E+01
1.47633181E+01
-1.73548249E+00
7.27721273E-02
-3.91754542E+01
1.68723522E+01
-2.03082351E+00
8.68544178E-02
-3.67339105E+01
1.59744095E+01
-1.90662295E+00
8.08219560E-02
-3.73508090E+01
1.61634390E+01
-1.92857821E+00
8.17158243E-02
-3.72981145E+01
1.59658523E+01
-1.88658624E+00
7.92737792E-02
-3.17875460E+01
1.35350614E+01
-1.53965016E+00
6.29764170E-02
-2.94454568E+01
1.28271152E+01
-1.46607019E+00
6.05544168E-02
-1.66645150E+01
7.18042640E+00
-6.18010514E-01
1.80129905E-02
-3.91981468E+01
1.68186050E+01
-2.01415681E+00
8.55421251E-02
-3.98349938E+01
1.72037353E+01
-2.07603748E+00
8.86638671E-02
-4.53287560E+01
1.96419339E+01
-2.43923026E+00
1.06481184E-01
-3.25695182E+01
1.40172002E+01
-1.61979528E+00
6.71193089E-02
-4.07331995E+01
1.74881687E+01
-2.10461548E+00
8.95794893E-02
-3.36359090E+01
1.44723909E+01
-1.68274026E+00
7.00846612E-02
-3.14946187E+01
1.38153805E+01
-1.61097200E+00
6.73663443E-02
-1.69714063E+01
7.44003427E+00
-6.71735783E-01
2.12052962E-02
-4.70319262E+01
2.00090286E+01
-2.44000556E+00
1.04610208E-01
-3.74187030E+01
1.61211625E+01
-1.92136539E+00
8.15002228E-02
-3.42187014E+01
1.46912564E+01
-1.70886726E+00
7.09828281E-02
-3.70033044E+01
1.57672473E+01
-1.85552129E+00
7.77775852E-02
-1.44677957E+01
5.86991100E+00
-4.02746130E-01
6.76402804E-03
-3.18717844E+01
1.40514865E+01
-1.64355550E+00
6.86759671E-02
-3.57647300E+01
1.53535067E+01
-1.80619309E+00
7.57636936E-02
-3.15389734E+01
1.37732761E+01
-1.60947441E+00
6.72363460E-02
-3.19132317E+01
1.37389506E+01
-1.57384701E+00
6.45518621E-02
-3.23319605E+01
1.40703729E+01
-1.65023401E+00
6.95036048E-02
-3.11119577E+01
1.29334505E+01
-1.39720281E+00
5.30259335E-02
-3.41006717E+01
1.41098355E+01
-1.55451593E+00
5.99844809E-02
-2.67477646E+01
1.10064212E+01
-1.12852567E+00
4.06405384E-02
-2.91721587E+01
1.18702442E+01
-1.22727313E+00
4.43250493E-02
-2.61857463E+01
1.08241954E+01
-1.10682780E+00
3.97639467E-02
-2.52008567E+01
1.04925739E+01
-1.07274318E+00
3.86254832E-02
-2.71441900E+01
1.11207841E+01
-1.13737957E+00
4.07185052E-02
-2.99566316E+01
1.21178506E+01
-1.25883786E+00
4.57332071E-02
-3.07148770E+01
1.23787265E+01
-1.28651349E+00
4.67010993E-02
-2.98683129E+01
1.20831088E+01
-1.25424234E+00
4.55292437E-02
-2.45183788E+01
9.89244890E+00
-9.57244944E-01
3.21812378E-02
-2.41166457E+01
9.70483338E+00
-9.29011811E-01
3.08027024E-02
-2.37556525E+01
9.56080881E+00
-9.12096362E-01
3.01660709E-02
-2.36759696E+01
9.52873693E+00
-9.07786376E-01
2.99728594E-02
-2.30527752E+01
9.31760831E+00
-8.85977772E-01
2.92355667E-02
-2.30232147E+01
9.30537118E+00
-8.84311150E-01
2.91606416E-02
-2.97197211E+01
1.19346869E+01
-1.22689173E+00
4.40738833E-02
-2.92217139E+01
1.17712871E+01
-1.21114992E+00
4.35936269E-02
-2.31564957E+01
9.21413368E+00
-8.59015301E-01
2.75884840E-02
-2.28519897E+01
9.10442273E+00
-8.47944540E-01
2.72436369E-02
-2.22924596E+01
8.91679381E+00
-8.28833768E-01
2.66095760E-02
-2.78566237E+01
1.12243615E+01
-1.13105266E+00
3.98048842E-02
-2.86542316E+01
1.15933973E+01
-1.18735346E+00
4.25499011E-02
-2.60075209E+01
1.03140157E+01
-1.00099467E+00
3.37089348E-02
-2.64140537E+01
1.04458065E+01
-1.01345374E+00
3.40774615E-02
-2.60075209E+01
1.03140157E+01
-1.00099467E+00
3.37089348E-02
-2.50316518E+01
9.87601188E+00
-9.42468225E-01
3.11541925E-02
-2.54351524E+01
1.00073938E+01
-9.55076180E-01
3.15361642E-02
-2.54861165E+01
1.00150821E+01
-9.53647490E-01
3.13685879E-02
-2.50377918E+01
9.86308064E+00
-9.37973759E-01
3.08381790E-02
-2.60038238E+01
1.02786304E+01
-9.94176660E-01
3.33695166E-02
-2.53255188E+01
9.95693983E+00
-9.46628422E-01
3.10861111E-02
-3.55833270E+01
1.47945695E+01
-1.65153852E+00
6.45535909E-02
-1.09574073E+01
4.55430376E+00
-2.40663102E-01
-6.66070814E-05
-3.14487836E+01
1.31697662E+01
-1.44359298E+00
5.57047571E-02
-2.87218387E+01
1.20089692E+01
-1.28339841E+00
4.82917041E-02
-2.61711273E+01
1.04343860E+01
-1.01952171E+00
3.45167793E-02
-3.04750357E+01
1.22500929E+01
-1.26617422E+00
4.56790386E-02
-3.08730427E+01
1.25118652E+01
-1.31617698E+00
4.85075149E-02
-3.00638164E+01
1.24164759E+01
-1.31994761E+00
4.92636174E-02
-2.77642100E+01
1.12507911E+01
-1.14736130E+00
4.09216991E-02
-3.00682386E+01
1.25114255E+01
-1.34679390E+00
5.09378587E-02
-2.98898461E+01
1.21515087E+01
-1.25828310E+00
4.54542934E-02
-3.31335352E+01
1.39109333E+01
-1.55765076E+00
6.13064074E-02
-2.73066619E+01
1.13034145E+01
-1.16841866E+00
4.23868370E-02
-2.60105884E+01
1.07266358E+01
-1.08589124E+00
3.84537488E-02
-2.94714009E+01
1.21383706E+01
-1.27714160E+00
4.70640233E-02
-2.81285008E+01
1.15388663E+01
-1.18978755E+00
4.29880294E-02
-2.84533574E+01
1.16983549E+01
-1.21665394E+00
4.42817255E-02
-3.27941112E+01
1.37079007E+01
-1.52415861E+00
5.95065790E-02
-2.86734013E+01
1.17104308E+01
-1.20744134E+00
4.34877273E-02
-2.51143351E+01
1.02658772E+01
-1.01704031E+00
3.52957089E-02
-2.73479621E+01
1.10688075E+01
-1.10978348E+00
3.88470514E-02
-2.58994244E+01
1.05710588E+01
-1.05218401E+00
3.64620999E-02
-2.58994244E+01
1.05710588E+01
-1.05218401E+00
3.64620999E-02
-2.27587467E+01
9.41472738E+00
-9.12116568E-01
3.07900170E-02
-2.53383742E+01
1.01274083E+01
-9.65535711E-01
3.15577180E-02
-2.55594513E+01
1.03804131E+01
-1.02148011E+00
3.49481180E-02
-2.40144723E+01
9.69849390E+00
-9.24136817E-01
3.02898527E-02
-2.46594871E+01
9.76901681E+00
-9.17649253E-01
2.95309484E-02
-2.46014007E+01
1.01086247E+01
-1.00234926E+00
3.47178634E-02
-2.29740593E+01
9.39794085E+00
-9.01237676E-01
2.98929690E-02
-2.45597197E+01
9.90407350E+00
-9.55634112E-01
3.19768493E-02
-2.61158032E+01
1.04749837E+01
-1.02917158E+00
3.51966713E-02
-2.52268493E+01
1.00852543E+01
-9.72463962E-01
3.24404338E-02
-2.57740664E+01
1.03308546E+01
-1.00802988E+00
3.40209453E-02
-2.89699797E+01
1.18086540E+01
-1.22958691E+00
4.49939719E-02
-2.57265299E+01
1.08418200E+01
-1.12963514E+00
4.14404016E-02
1.29306158E+01
-3.52817362E+00
6.45499013E-01
-3.19375299E-02
