TRANS ALL
H                  0   145.000     2.050     0.000     0.000     0.000          
H2                 1    38.000     2.920     0.000     0.790   280.000          
CH2                1   144.000     3.800     0.000     0.000     0.000          
CH2(S)             1   144.000     3.800     0.000     0.000     0.000          
CH3                1   144.000     3.800     0.000     0.000     0.000          
O                  0    80.000     2.750     0.000     0.000     0.000          
CH4                2   141.400     3.746     0.000     2.600    13.000          
OH                 1    80.000     2.750     0.000     0.000     0.000          
H2O                2   572.400     2.605     1.844     0.000     4.000          
C2H2               1   265.300     3.721     0.000     0.000     2.500          
C2H3               2   265.300     3.721     0.000     0.000     1.000          
CO                 1    98.100     3.650     0.000     1.950     1.800          
C2H4               2   238.400     3.496     0.000     0.000     1.500          
HCO                2   498.000     3.590     0.000     0.000     0.000          
C2H5               2   247.500     4.350     0.000     0.000     1.500          
CH2O               2   498.000     3.590     0.000     0.000     2.000          
C2H6               2   247.500     4.350     0.000     0.000     1.500          
CH2OH              2   417.000     3.690     1.700     0.000     2.000          
CH3O               2   417.000     3.690     1.700     0.000     2.000          
O2                 1   107.400     3.458     0.000     1.600     3.800          
HO2                2   107.400     3.458     0.000     0.000     1.000          
H2O2               2   107.400     3.458     0.000     0.000     3.800          
CO2                1   244.000     3.763     0.000     2.650     2.100          
CH3HCO             2   436.000     3.970     0.000     0.000     2.000          
CH3OCH2            2   329.400     4.624     0.000     0.000     1.000          
HCOOH              2   470.600     4.410     0.000     0.000     1.500          
CH3OCH3            2   329.400     4.624     0.000     0.000     1.000          
HOCH2O             2   481.800     3.626     0.000     0.000     1.000          
CH3OCO             2   406.500     4.709     0.000     0.000     1.000          
CH3OCHO            2   406.500     4.709     0.000     0.000     1.000          
CH3OCH2O           2   470.900     4.862     0.000     0.000     1.000          
CH3OCH2OH          2   329.400     4.624     0.000     0.000     1.000          
OCH2OCHO           2   329.400     4.624     0.000     0.000     1.000          
HOCH2OCO           2   329.400     4.624     0.000     0.000     1.000          
CH3OCH2O2          2   329.400     4.624     0.000     0.000     1.000          
CH2OCH2O2H         2   329.400     4.624     0.000     0.000     1.000          
HO2CH2OCHO         2   329.400     4.624     0.000     0.000     1.000          
O2CH2OCH2O2H       2   329.400     4.624     0.000     0.000     1.000          
N2                 1    97.530     3.621     0.000     1.760     4.000          
END
