-1.98744496E+01
3.41660514E+00
-3.63206306E-01
1.58671021E-02
-1.37549435E+01
9.65530587E-01
-4.45720114E-02
2.05871810E-03
-1.48001581E+01
1.79491990E+00
-1.54008440E-01
6.86719439E-03
-1.68118868E+01
2.52362554E+00
-2.49309128E-01
1.10211025E-02
-1.47696103E+01
1.79491990E+00
-1.54008440E-01
6.86719439E-03
-1.17770937E+01
-8.26742721E-01
3.39009079E-01
-2.00674327E-02
-1.67963797E+01
2.52362554E+00
-2.49309128E-01
1.10211025E-02
-1.67813391E+01
2.52362554E+00
-2.49309128E-01
1.10211025E-02
-1.63031240E+01
2.26143219E+00
-2.15114671E-01
9.53461976E-03
-2.36749526E+01
4.99775518E+00
-5.52687718E-01
2.34353338E-02
-2.11136063E+01
3.26961843E+00
-2.51355092E-01
7.35605058E-03
-2.11306792E+01
3.26961843E+00
-2.51355092E-01
7.35605058E-03
-2.29772607E+01
4.23829863E+00
-3.97218528E-01
1.44534361E-02
-2.29854530E+01
4.23829863E+00
-3.97218528E-01
1.44534361E-02
-2.09111160E+01
3.26961843E+00
-2.51355092E-01
7.35605058E-03
-2.09501584E+01
3.29835243E+00
-2.67151719E-01
8.53549150E-03
-2.09501584E+01
3.29835243E+00
-2.67151719E-01
8.53549150E-03
-2.15033392E+01
3.55238511E+00
-2.93340526E-01
9.37852541E-03
-2.15139414E+01
3.55238511E+00
-2.93340526E-01
9.37852541E-03
-1.95453421E+01
3.36385478E+00
-3.56948469E-01
1.56210922E-02
-1.97154204E+01
3.40193237E+00
-3.61470464E-01
1.57990760E-02
-1.97501176E+01
3.40193237E+00
-3.61470464E-01
1.57990760E-02
-1.97501176E+01
3.40193237E+00
-3.61470464E-01
1.57990760E-02
-2.42405353E+01
5.02344258E+00
-5.55221749E-01
2.35129975E-02
-2.42575830E+01
5.02344258E+00
-5.55221749E-01
2.35129975E-02
-2.36160604E+01
4.95693265E+00
-5.48729877E-01
2.33179831E-02
-2.44588951E+01
5.17136282E+00
-5.70354354E-01
2.40059573E-02
-2.44778854E+01
5.17136282E+00
-5.70354354E-01
2.40059573E-02
-2.31483285E+01
4.23829863E+00
-3.97218528E-01
1.44534361E-02
-2.31599017E+01
4.23829863E+00
-3.97218528E-01
1.44534361E-02
-2.39600627E+01
4.79356157E+00
-5.01433847E-01
2.02324324E-02
-1.86719918E+01
3.50802210E+00
-3.74390465E-01
1.63228152E-02
-2.23289439E+01
3.74231781E+00
-3.21736423E-01
1.07536113E-02
-2.21770223E+01
3.74231781E+00
-3.21736423E-01
1.07536113E-02
-2.31599017E+01
4.23829863E+00
-3.97218528E-01
1.44534361E-02
-2.34275383E+01
4.24475373E+00
-3.98217274E-01
1.45029486E-02
-2.34362919E+01
4.24475373E+00
-3.98217274E-01
1.45029486E-02
-2.03051880E+01
2.85604761E+00
-2.01351284E-01
5.37162494E-03
-2.29249783E+01
4.14537414E+00
-3.82872607E-01
1.37433659E-02
-2.36839846E+01
4.37876521E+00
-4.19088971E-01
1.55423374E-02
-2.51333811E+01
5.22935978E+00
-5.67384139E-01
2.34579191E-02
-2.48803854E+01
5.23202330E+00
-5.66518672E-01
2.33724869E-02
-2.49629992E+01
5.22232084E+00
-5.62780472E-01
2.31118055E-02
-2.49629992E+01
5.22232084E+00
-5.62780472E-01
2.31118055E-02
-2.49629992E+01
5.22232084E+00
-5.62780472E-01
2.31118055E-02
-2.50148500E+01
5.20101353E+00
-5.57361418E-01
2.27717856E-02
-2.50148500E+01
5.20101353E+00
-5.57361418E-01
2.27717856E-02
-2.50275900E+01
5.20101353E+00
-5.57361418E-01
2.27717856E-02
-2.27411384E+01
4.60860518E+00
-5.09472728E-01
2.18579487E-02
-2.40544099E+01
4.56430429E+00
-4.47830731E-01
1.69700387E-02
-1.97459404E+01
2.71763841E+00
-1.80642214E-01
4.37298330E-03
-1.95684510E+01
2.71763841E+00
-1.80642214E-01
4.37298330E-03
-2.19081012E+01
3.58700546E+00
-3.03035739E-01
1.00071119E-02
-2.01079597E+01
2.84363032E+00
-1.97691746E-01
5.12622509E-03
-2.29159072E+01
4.14537414E+00
-3.82872607E-01
1.37433659E-02
-2.52056860E+01
5.11877450E+00
-5.39011409E-01
2.16760011E-02
-2.52056860E+01
5.11877450E+00
-5.39011409E-01
2.16760011E-02
-2.52056860E+01
5.11877450E+00
-5.39011409E-01
2.16760011E-02
-2.51504135E+01
5.13555478E+00
-5.43283792E-01
2.19433663E-02
-2.49466389E+01
5.09523198E+00
-5.34976492E-01
2.14624300E-02
-2.12410890E+01
3.19660155E+00
-2.40516461E-01
6.83415538E-03
-2.12410890E+01
3.19660155E+00
-2.40516461E-01
6.83415538E-03
-2.05675342E+01
2.93372284E+00
-2.05282474E-01
5.27386462E-03
-2.14900930E+01
3.30693821E+00
-2.56871249E-01
7.62097653E-03
-2.11311802E+01
3.14404522E+00
-2.32687118E-01
6.45637094E-03
-2.15040726E+01
3.30693821E+00
-2.56871249E-01
7.62097653E-03
-2.34890319E+01
4.23312556E+00
-3.96418443E-01
1.44137823E-02
-2.34960705E+01
4.23312556E+00
-3.96418443E-01
1.44137823E-02
-1.73055121E+01
1.38058361E+00
2.43161133E-02
-5.74144268E-03
-1.94944752E+01
2.37739514E+00
-1.19906853E-01
1.06628387E-03
-2.06734179E+01
2.93372284E+00
-2.05282474E-01
5.27386462E-03
-2.06804566E+01
2.93372284E+00
-2.05282474E-01
5.27386462E-03
-2.35032097E+01
4.23312556E+00
-3.96418443E-01
1.44137823E-02
-2.35104522E+01
4.23312556E+00
-3.96418443E-01
1.44137823E-02
-2.33945889E+01
4.23312556E+00
-3.96418443E-01
1.44137823E-02
-2.35032097E+01
4.23312556E+00
-3.96418443E-01
1.44137823E-02
-2.13576647E+01
3.25203721E+00
-2.48756506E-01
7.23125659E-03
-2.33102699E+01
4.23312556E+00
-3.96418443E-01
1.44137823E-02
-2.13097776E+01
3.24515110E+00
-2.51840133E-01
7.52719572E-03
-2.02725017E+01
2.68124306E+00
-1.66969503E-01
3.40148968E-03
-2.46614190E+01
4.80274963E+00
-4.86523550E-01
1.89491519E-02
-2.46375211E+01
4.77833535E+00
-4.81964251E-01
1.86974310E-02
-2.48533602E+01
4.93065103E+00
-5.07702364E-01
2.00462308E-02
-2.46686570E+01
4.80274963E+00
-4.86523550E-01
1.89491519E-02
-2.46686570E+01
4.80274963E+00
-4.86523550E-01
1.89491519E-02
-2.37286467E+01
4.30966378E+00
-4.08356300E-01
1.50087905E-02
-2.44893666E+01
4.70960419E+00
-4.70922862E-01
1.81359213E-02
-2.44580978E+01
4.80973537E+00
-4.87125613E-01
1.89633438E-02
-2.37343431E+01
4.30966378E+00
-4.08356300E-01
1.50087905E-02
-2.37343431E+01
4.30966378E+00
-4.08356300E-01
1.50087905E-02
-2.44982739E+01
4.72144944E+00
-4.72820890E-01
1.82323160E-02
-2.45714714E+01
4.87824603E+00
-4.98497040E-01
1.95531120E-02
-2.35900450E+01
4.22145629E+00
-3.94614622E-01
1.43244143E-02
-2.35393403E+01
4.19637718E+00
-3.90744175E-01
1.41328143E-02
-2.35393403E+01
4.19637718E+00
-3.90744175E-01
1.41328143E-02
-2.35444996E+01
4.19637718E+00
-3.90744175E-01
1.41328143E-02
-2.35444996E+01
4.19637718E+00
-3.90744175E-01
1.41328143E-02
-1.89272313E+01
2.06425239E+00
-7.60029857E-02
-9.53552493E-04
-1.88533780E+01
2.06425239E+00
-7.60029857E-02
-9.53552493E-04
-2.37232311E+01
4.35570447E+00
-4.15526927E-01
1.53657806E-02
-2.37294042E+01
4.35570447E+00
-4.15526927E-01
1.53657806E-02
-2.37294042E+01
4.35570447E+00
-4.15526927E-01
1.53657806E-02
-2.51226346E+01
5.06705324E+00
-5.30334984E-01
2.12222500E-02
-2.49369291E+01
5.06705324E+00
-5.30334984E-01
2.12222500E-02
-2.49369291E+01
5.06705324E+00
-5.30334984E-01
2.12222500E-02
-2.10837028E+01
3.12217401E+00
-2.35751894E-01
6.83267756E-03
-2.10895885E+01
3.12217401E+00
-2.35751894E-01
6.83267756E-03
-2.29889655E+01
3.92329359E+00
-3.49082506E-01
1.20870516E-02
-2.29933970E+01
3.92329359E+00
-3.49082506E-01
1.20870516E-02
-2.29933970E+01
3.92329359E+00
-3.49082506E-01
1.20870516E-02
-2.29933970E+01
3.92329359E+00
-3.49082506E-01
1.20870516E-02
-2.29933970E+01
3.92329359E+00
-3.49082506E-01
1.20870516E-02
-2.20808765E+01
3.48388532E+00
-2.83191100E-01
8.89021223E-03
-2.20808765E+01
3.48388532E+00
-2.83191100E-01
8.89021223E-03
-1.79305351E+01
1.64800951E+00
-1.61339221E-02
-3.76506212E-03
-1.79305351E+01
1.64800951E+00
-1.61339221E-02
-3.76506212E-03
-1.79305351E+01
1.64800951E+00
-1.61339221E-02
-3.76506212E-03
-1.79305351E+01
1.64800951E+00
-1.61339221E-02
-3.76506212E-03
-1.79270767E+01
1.64800951E+00
-1.61339221E-02
-3.76506212E-03
-1.79888981E+01
1.64800951E+00
-1.61339221E-02
-3.76506212E-03
-1.79305351E+01
1.64800951E+00
-1.61339221E-02
-3.76506212E-03
-1.79305351E+01
1.64800951E+00
-1.61339221E-02
-3.76506212E-03
-1.79305351E+01
1.64800951E+00
-1.61339221E-02
-3.76506212E-03
-1.79305351E+01
1.64800951E+00
-1.61339221E-02
-3.76506212E-03
-1.79305351E+01
1.64800951E+00
-1.61339221E-02
-3.76506212E-03
-1.79305351E+01
1.64800951E+00
-1.61339221E-02
-3.76506212E-03
-1.79305351E+01
1.64800951E+00
-1.61339221E-02
-3.76506212E-03
-1.79305351E+01
1.64800951E+00
-1.61339221E-02
-3.76506212E-03
-1.79928134E+01
1.64800951E+00
-1.61339221E-02
-3.76506212E-03
-1.79928134E+01
1.64800951E+00
-1.61339221E-02
-3.76506212E-03
-1.79928134E+01
1.64800951E+00
-1.61339221E-02
-3.76506212E-03
-1.78309697E+01
1.64800951E+00
-1.61339221E-02
-3.76506212E-03
-1.78309697E+01
1.64800951E+00
-1.61339221E-02
-3.76506212E-03
-1.78309697E+01
1.64800951E+00
-1.61339221E-02
-3.76506212E-03
-1.78309697E+01
1.64800951E+00
-1.61339221E-02
-3.76506212E-03
-1.78309697E+01
1.64800951E+00
-1.61339221E-02
-3.76506212E-03
-1.78814140E+01
1.64800951E+00
-1.61339221E-02
-3.76506212E-03
-1.78814140E+01
1.64800951E+00
-1.61339221E-02
-3.76506212E-03
-1.78814140E+01
1.64800951E+00
-1.61339221E-02
-3.76506212E-03
-1.78814140E+01
1.64800951E+00
-1.61339221E-02
-3.76506212E-03
-1.89272313E+01
2.06425239E+00
-7.60029857E-02
-9.53552493E-04
-1.89272313E+01
2.06425239E+00
-7.60029857E-02
-9.53552493E-04
-1.62526779E+01
2.24839597E+00
-2.13428438E-01
9.46192413E-03
