-3.24539191E-01
3.41660514E+00
-3.63206306E-01
1.58671021E-02
1.11035511E+01
-1.31883912E+00
2.44042473E-01
-8.99836359E-03
1.98513952E+00
1.79491990E+00
-1.54008440E-01
6.86719439E-03
-2.51296685E+00
3.15165687E+00
-3.10007661E-01
1.34522321E-02
1.24593691E+01
-2.63918257E+00
4.66620957E-01
-2.10920346E-02
2.21730522E+01
-8.46935675E+00
1.46153820E+00
-7.29502441E-02
5.56023763E-01
1.59073590E+00
-5.28053839E-02
4.07601571E-04
1.48801095E+00
1.06176238E+00
5.72195640E-02
-6.38391491E-03
7.16350308E+00
-1.04342529E+00
2.87986397E-01
-1.48081615E-02
-1.11613853E+01
5.81301523E+00
-5.60209434E-01
1.99551225E-02
1.12229520E+00
-4.40987567E-01
4.44593131E-01
-3.10982964E-02
9.18075388E+00
-3.36126689E+00
7.82157581E-01
-4.40004507E-02
-1.83333472E+01
8.20859359E+00
-8.10204496E-01
2.83642782E-02
-6.70668001E+00
3.30885291E+00
-1.38857964E-01
-2.04997434E-03
-1.90252113E+01
8.29230823E+00
-8.00807822E-01
2.71199206E-02
-2.34709732E+00
1.61112753E+00
9.48515883E-02
-1.23457709E-02
-5.29004233E+00
2.25001514E+00
7.82500352E-02
-1.44330458E-02
-1.03018709E+01
4.57469693E+00
-2.58377434E-01
1.36797581E-03
-4.05383705E-01
3.37193782E-01
3.30001169E-01
-2.55781023E-02
7.90056002E+00
-2.79867976E+00
7.55175920E-01
-4.50362505E-02
1.13728975E+01
-3.45719525E+00
7.31183735E-01
-3.90524842E-02
1.38496640E+01
-4.15951950E+00
7.76993154E-01
-3.92573141E-02
1.74701926E+01
-5.84571616E+00
1.03290909E+00
-5.19616652E-02
-1.50120005E+01
6.47658163E+00
-5.10385743E-01
1.26242149E-02
-1.18764436E+01
5.34563905E+00
-3.81869722E-01
7.84208466E-03
-1.51408486E+01
6.86737614E+00
-5.94399401E-01
1.76346131E-02
-1.11978801E+01
5.35058290E+00
-4.14695788E-01
1.05349000E-02
-8.53593462E+00
4.82302929E+00
-4.20202066E-01
1.39029076E-02
-1.20087274E+01
5.08685143E+00
-3.14657492E-01
3.52932400E-03
-9.34809662E+00
4.08356053E+00
-1.94619122E-01
-1.30431037E-03
-1.01247099E+01
4.98825897E+00
-3.96424370E-01
1.08919972E-02
6.50972439E-02
1.95624614E+00
-6.88161547E-02
-8.14613519E-04
-1.76140982E+01
7.32456305E+00
-6.17711164E-01
1.72213909E-02
-9.12300877E+00
3.99510996E+00
-1.89303450E-01
-1.00263004E-03
-3.13928321E+01
1.32843932E+01
-1.47034622E+00
5.74809048E-02
-1.52870227E+01
6.27420630E+00
-4.67103831E-01
1.00972137E-02
-1.79023697E+01
7.59535507E+00
-6.78211804E-01
2.07585166E-02
-1.85671872E+01
7.85583181E+00
-7.20228136E-01
2.29630960E-02
-1.57267227E+01
7.10859128E+00
-6.56288649E-01
2.15942260E-02
7.51025954E+00
-3.73525999E+00
9.92597710E-01
-6.05553586E-02
-1.30862406E+01
5.50700589E+00
-3.66134646E-01
5.61263535E-03
-1.67202342E+01
7.24711959E+00
-6.22992907E-01
1.80430817E-02
-2.10367546E+01
9.17032019E+00
-9.08415289E-01
3.18424188E-02
-1.38582163E+01
6.17983277E+00
-4.97248883E-01
1.31050692E-02
-1.02986582E+01
4.62029034E+00
-2.73398332E-01
2.53676309E-03
-1.08278813E+01
4.92985272E+00
-3.32069641E-01
5.78742764E-03
-1.39240395E+01
6.21228709E+00
-5.08159942E-01
1.38278955E-02
-9.07071636E+00
4.67640586E+00
-3.58613029E-01
9.34168750E-03
-1.70711937E+00
2.25305884E+00
-1.01690619E-01
5.01387493E-04
-1.83511534E+01
7.79334253E+00
-7.07502631E-01
2.22720081E-02
-1.36109663E+01
6.03586028E+00
-4.84443858E-01
1.29425424E-02
-1.44371391E+01
6.35219847E+00
-5.19791660E-01
1.40251223E-02
-1.37250941E+01
5.80308432E+00
-4.23254402E-01
8.88910942E-03
-1.00544554E+01
4.31959220E+00
-2.25196875E-01
-3.50612890E-05
-1.53725235E+01
6.84526112E+00
-6.00698881E-01
1.82888788E-02
-1.81667632E+01
7.58811758E+00
-6.53726305E-01
1.88354354E-02
-1.83362219E+01
7.71119532E+00
-6.75297483E-01
1.99533642E-02
-1.00109517E+01
4.10919422E+00
-1.63133581E-01
-4.05135070E-03
-1.60247208E+01
6.82014077E+00
-5.61682865E-01
1.51498364E-02
-1.88559146E+01
8.16832966E+00
-7.61472648E-01
2.48014929E-02
-1.46061720E+01
6.06945145E+00
-4.50312765E-01
9.77363475E-03
-1.42733211E+01
5.84935394E+00
-4.10748221E-01
7.61445122E-03
-1.65224496E+01
6.91144739E+00
-5.68847879E-01
1.52283949E-02
-1.87935774E+01
7.82276824E+00
-6.88546265E-01
2.05839425E-02
-1.79192667E+01
7.49475307E+00
-6.48722931E-01
1.88696312E-02
-1.50913562E+01
6.27191258E+00
-4.80058545E-01
1.12499264E-02
-2.03547160E+01
8.42728288E+00
-7.69633206E-01
2.41171065E-02
-1.47306583E+01
6.20938004E+00
-4.81639915E-01
1.16600603E-02
-1.29027240E+01
5.26328828E+00
-3.40387475E-01
4.77764039E-03
-1.71717030E+01
7.08800761E+00
-5.92908748E-01
1.62979420E-02
-1.40781632E+01
5.79173476E+00
-4.08504260E-01
7.82864517E-03
-1.63401317E+01
6.81541287E+00
-5.60087750E-01
1.50619800E-02
-1.93481803E+01
8.26219018E+00
-7.83042218E-01
2.61226011E-02
-1.62247103E+01
7.08780510E+00
-6.39614041E-01
2.02520361E-02
-2.24730424E+01
9.52637575E+00
-9.48585979E-01
3.32760626E-02
-1.43071150E+01
6.20816673E+00
-5.05223355E-01
1.36360695E-02
-1.31794809E+01
5.60428785E+00
-4.03327481E-01
8.26403681E-03
-1.79024281E+01
7.65765478E+00
-6.93889631E-01
2.16911028E-02
-1.06507014E+01
4.47781147E+00
-2.46061016E-01
1.11280512E-03
-1.06239083E+01
4.06494928E+00
-1.31413149E-01
-6.37000511E-03
-1.89658724E+01
7.93826054E+00
-7.07318894E-01
2.14923975E-02
-1.59622661E+01
6.63955067E+00
-5.23403297E-01
1.29090040E-02
-2.22947442E+01
9.33684887E+00
-8.99434919E-01
3.02312326E-02
-2.03042937E+01
8.48259624E+00
-7.82935753E-01
2.49495092E-02
-2.21762723E+01
9.17585855E+00
-8.68418487E-01
2.84588955E-02
-2.52215517E+01
1.06501275E+01
-1.10447112E+00
4.05471906E-02
-2.21928085E+01
9.25084922E+00
-8.83147631E-01
2.89480713E-02
-2.70389521E+01
1.04775000E+01
-9.41578432E-01
2.67370033E-02
-1.79555563E+01
7.39958314E+00
-6.21596458E-01
1.71595751E-02
-2.01743232E+01
8.29476334E+00
-7.41509116E-01
2.24969305E-02
-1.96922713E+01
8.16871733E+00
-7.30182758E-01
2.22087935E-02
-1.34267988E+01
5.84766219E+00
-4.36524115E-01
9.77722405E-03
-1.60415025E+01
6.51177253E+00
-4.87917913E-01
1.05887588E-02
-1.98494147E+01
8.18465878E+00
-7.30565332E-01
2.21568302E-02
-1.89516270E+01
7.78652524E+00
-6.72993249E-01
1.94266926E-02
-2.08570868E+01
8.59526712E+00
-7.87573979E-01
2.47624126E-02
-1.87166908E+01
7.64241528E+00
-6.49198639E-01
1.81713508E-02
-1.87490979E+01
7.71854828E+00
-6.76906942E-01
2.02404128E-02
-1.55854029E+01
6.31956010E+00
-4.69637601E-01
1.01350130E-02
-1.92491729E+01
8.13083958E+00
-7.43653922E-01
2.35461727E-02
-2.15464272E+01
9.17464465E+00
-8.99524689E-01
3.11121773E-02
-2.15464272E+01
9.17464465E+00
-8.99524689E-01
3.11121773E-02
-2.20440221E+01
9.09728179E+00
-8.39589483E-01
2.60801110E-02
-2.04072701E+01
8.77585761E+00
-8.47959846E-01
2.87946981E-02
-2.24308914E+01
9.70667163E+00
-9.85339609E-01
3.53642756E-02
-2.24714351E+01
9.28509918E+00
-8.87939525E-01
2.95492041E-02
-2.17744963E+01
9.03598584E+00
-8.60753916E-01
2.85601881E-02
-2.35634649E+01
9.72687185E+00
-9.40839831E-01
3.16881097E-02
-2.29805650E+01
9.51000367E+00
-9.15453274E-01
3.06929072E-02
-2.34131558E+01
9.66121745E+00
-9.33465624E-01
3.14213782E-02
-1.88561968E+01
7.72622901E+00
-6.61917217E-01
1.88143695E-02
-2.29805650E+01
9.51000367E+00
-9.15453274E-01
3.06929072E-02
-2.20060987E+01
9.05116695E+00
-8.49518132E-01
2.76137803E-02
-2.25857363E+01
9.31269119E+00
-8.87788670E-01
2.94449162E-02
-1.73810551E+01
7.03763231E+00
-5.65528619E-01
1.44137151E-02
-1.85108860E+01
7.53930337E+00
-6.38171109E-01
1.78641204E-02
-1.73131172E+01
7.05178729E+00
-5.72207429E-01
1.48964827E-02
-1.73810551E+01
7.03763231E+00
-5.65528619E-01
1.44137151E-02
-1.91245469E+01
7.83867371E+00
-6.82370167E-01
1.99700618E-02
-2.02149607E+01
8.23830904E+00
-7.33146302E-01
2.21834936E-02
-1.84829083E+01
7.55395403E+00
-6.42533976E-01
1.81169272E-02
-2.00704703E+01
8.21241070E+00
-7.34021471E-01
2.23559920E-02
-1.49173688E+01
6.01294719E+00
-4.23689340E-01
7.87312375E-03
-1.97519430E+01
8.11385310E+00
-7.23291685E-01
2.19433456E-02
-1.97519430E+01
8.11385310E+00
-7.23291685E-01
2.19433456E-02
-1.86803238E+01
7.68052349E+00
-6.65020360E-01
1.93368791E-02
-1.49173688E+01
6.01294719E+00
-4.23689340E-01
7.87312375E-03
-2.00704703E+01
8.21241070E+00
-7.34021471E-01
2.23559920E-02
-2.57950082E+01
1.04205648E+01
-1.01895440E+00
3.46627388E-02
-2.83000630E+01
1.14187734E+01
-1.15152460E+00
4.05405017E-02
-2.57950082E+01
1.04205648E+01
-1.01895440E+00
3.46627388E-02
-1.79606882E+01
7.42016804E+00
-6.34240762E-01
1.81009309E-02
-1.79606882E+01
7.42016804E+00
-6.34240762E-01
1.81009309E-02
-1.79606882E+01
7.42016804E+00
-6.34240762E-01
1.81009309E-02
-1.71894646E+01
7.10942629E+00
-5.92579515E-01
1.62426654E-02
-1.79606882E+01
7.42016804E+00
-6.34240762E-01
1.81009309E-02
-2.01329568E+01
8.28007813E+00
-7.48279384E-01
2.31227719E-02
-2.08313395E+01
8.51895811E+00
-7.75497953E-01
2.41554880E-02
-2.08313395E+01
8.51895811E+00
-7.75497953E-01
2.41554880E-02
-2.03992763E+01
8.39619796E+00
-7.64988435E-01
2.39168446E-02
-1.71252808E+01
6.88381530E+00
-5.41194144E-01
1.31492286E-02
-2.10508671E+01
8.56005050E+00
-7.76722469E-01
2.40688936E-02
1.15507419E+01
-2.91453917E+00
5.55045765E-01
-2.75173485E-02
