a010 0.00 0.00 0.00 1/29 10029   921395200 159584256 761810944        0 61263872 36626432  2147467264        0 2147467264
a011 0.00 0.00 0.00 1/29 10565   921452544 171388928 750063616        0 85274624 33013760  2147467264        0 2147467264
a012 0.00 0.00 0.00 1/29 31319   921395200 157224960 764170240        0 60153856 36974592  2147467264        0 2147467264
a013 0.00 0.00 0.00 1/29 16348   921452544 178098176 743354368        0 80678912 44011520  2147467264        0 2147467264
a014 0.00 0.00 0.00 1/29 6852   921395200 137515008 783880192        0 60588032 17195008  2147467264        0 2147467264
a015 0.00 0.00 0.00 1/29 31321   921395200 157216768 764178432        0 60166144 36941824  2147467264        0 2147467264
a016 0.00 0.00 0.00 1/29 31307   921395200 157196288 764198912        0 60162048 36933632  2147467264        0 2147467264
a017 0.00 0.00 0.00 1/29 332   921395200 157151232 764243968        0 60088320 36941824  2147467264        0 2147467264
a018 0.00 0.00 0.00 1/29 12864   921395200 159092736 762302464        0 60084224 38633472  2147467264        0 2147467264
a019 0.00 0.00 0.00 1/29 16267   921452544 178036736 743415808        0 80654336 43966464  2147467264        0 2147467264
a020 0.00 0.00 0.00 1/29 17469   921395200 157908992 763486208        0 60801024 36872192  2147467264        0 2147467264
a021 0.00 0.00 0.00 1/29 16227   921452544 178085888 743366656        0 80613376 43958272  2147467264        0 2147467264
a022 0.00 0.00 0.00 1/29 9289   921395200 180068352 741326848        0 94781440 24301568  2147467264        0 2147467264
a023 0.00 0.00 0.00 1/29 9273   921395200 179888128 741507072        0 94777344 24141824  2147467264        0 2147467264
a025 0.00 0.00 0.00 1/29 9265   921395200 179916800 741478400        0 94789632 24145920  2147467264        0 2147467264
a027 0.00 0.00 0.00 1/29 9271   921395200 179793920 741601280        0 94703616 24145920  2147467264        0 2147467264
a028 0.00 0.00 0.00 1/29 9273   921395200 179896320 741498880        0 94781440 24150016  2147467264        0 2147467264
a029 0.00 0.00 0.00 1/29 9275   921395200 179859456 741535744        0 94785536 24154112  2147467264        0 2147467264
a030 0.00 0.00 0.00 1/29 9314   921395200 179941376 741453824        0 94777344 24166400  2147467264        0 2147467264
a032 0.00 0.00 0.00 1/29 13961   921395200 200495104 720900096        0 94879744 44191744  2147467264        0 2147467264
a033 0.00 0.00 0.00 1/29 13962   921395200 200470528 720924672        0 94838784 44191744  2147467264        0 2147467264
a034 0.00 0.00 0.00 1/29 9321   921395200 179941376 741453824        0 94777344 24166400  2147467264        0 2147467264
a035 0.00 0.00 0.00 1/29 8799   921395200 176066560 745328640        0 94793728 20373504  2147467264        0 2147467264
a036 0.00 0.00 0.00 1/29 8799   921395200 176062464 745332736        0 94801920 20373504  2147467264        0 2147467264
a037 0.00 0.08 0.08 1/35 10447   921452544 175489024 745963520        0 85147648 34537472  2147467264        0 2147467264
a038 0.00 0.00 0.00 1/29 13449   921395200 196726784 724668416        0 94892032 40398848  2147467264        0 2147467264
a039 0.00 0.00 0.00 1/29 8807   921395200 176095232 745299968        0 94826496 20377600  2147467264        0 2147467264
a040 0.00 0.00 0.00 1/29 3007   921395200 463622144 457773056        0 59142144 381440000  2147467264 374616064 1772851200
a041 0.00 0.00 0.00 1/29 2512   921395200 453496832 467898368        0 59142144 370810880  2147467264 364154880 1783312384
a042 0.00 0.00 0.00 1/29 2268   921395200 487960576 433434624        0 59129856 404860928  2147467264 398315520 1749151744
a045 0.00 0.00 0.00 2/29 13814   921395200 417701888 503693312        0 59195392 334848000  2147467264 325939200 1821528064
a044 0.00 0.00 0.00 1/29 1804   921395200 497451008 423944192        0 59146240 414433280  2147467264 407728128 1739739136
a046 0.00 0.00 0.00 1/29 1794   921395200 134717440 786677760        0 59473920 15921152  2147467264        0 2147467264
a047 0.00 0.00 0.00 1/29 16222   921452544 366067712 555384832        0 46268416 296624128  2147467264 270729216 1876738048
a048 0.00 0.00 0.00 1/29 1794   921395200 134410240 786984960        0 59183104 15917056  2147467264        0 2147467264
a049 0.00 0.00 0.00 1/29 1824   921395200 474062848 447332352        0 59133952 390766592  2147467264 384061440 1763405824
a050 0.00 0.00 0.00 1/29 1824   921395200 499073024 422322176        0 59285504 415600640  2147467264 409071616 1738395648
a051 0.00 0.00 0.00 1/29 29558   921395200 469471232 451923968        0 59142144 386871296  2147467264 380063744 1767403520
a054 0.00 0.00 0.00 2/29 10747   921452544 168054784 753397760        0 80691200 34258944  2147467264        0 2147467264
a055 0.00 0.00 0.00 1/29 14820   921395200 453672960 467722240        0 59142144 371896320  2147467264 365232128 1782235136
a056 0.00 0.00 0.00 1/29 14772   921395200 406327296 515067904        0 59191296 324513792  2147467264 315592704 1831874560
a059 0.00 0.00 0.00 1/29 14776   921395200 451588096 469807104        0 59146240 369688576  2147467264 362881024 1784586240
a001 0.00 0.00 0.00 1/34 20541   921456640 151097344 770359296        0 46616576 48541696  2105663488        0 2105663488
a060 0.00 0.00 0.00 1/29 14773   921395200 465764352 455630848        0 59269120 384786432  2147467264 378204160 1769263104
a061 0.00 0.00 0.00 1/29 14768   921395200 454787072 466608128        0 59260928 373559296  2147467264 366878720 1780588544
a004 0.00 0.00 0.00 1/29 7034   921456640 142528512 778928128        0 54296576 35844096  2105663488        0 2105663488
a062 0.00 0.00 0.00 1/28 14745   921395200 444297216 477097984        0 59138048 362168320  2147467264 355430400 1792036864
a063 0.00 0.00 0.00 1/29 14788   921395200 446078976 475316224        0 59150336 364953600  2147467264 357429248 1790038016
a064 0.00 0.00 0.00 1/29 14742   921395200 435593216 485801984        0 59154432 353435648  2147467264 346714112 1800753152
a008 0.00 0.00 0.00 1/29 7247   921456640 155205632 766251008        0 65867776 36585472  2105663488        0 2105663488
a065 0.02 0.01 0.00 1/29 14752   921395200 437727232 483667968        0 59293696 356839424  2147467264 349175808 1798291456
a066 0.00 0.00 0.00 1/29 14745   921395200 452853760 468541440        0 59170816 371724288  2147467264 362737664 1784729600
a067 0.00 0.00 0.00 1/29 14745   921395200 391573504 529821696        0 59150336 310214656  2147467264 303407104 1844060160
a069 0.00 0.00 0.00 1/29 1226   921395200 79560704 841834496        0 49913856 11882496  2147467264        0 2147467264
a070 0.00 0.00 0.00 1/29 1252   921395200 31043584 890351616        0  2568192 11886592  2147467264        0 2147467264
a003 0.00 0.00 0.00 1/29 7390   921456640 145825792 775630848        0 56885248 36438016  2105663488        0 2105663488
a071 0.00 0.00 0.00 1/29 14691   921395200 478117888 443277312        0 59146240 396460032  2147467264 389808128 1757659136
a002 0.00 0.00 0.00 1/29 7295   921456640 144277504 777179136        0 55803904 36024320  2105663488        0 2105663488
a072 0.00 0.00 0.00 1/29 20357   921395200 486027264 435367936        0 59146240 405299200  2147467264 399368192 1748099072
a073 0.00 0.00 0.00 1/29 20235   921395200 476737536 444657664        0 59138048 395853824  2147467264 389832704 1757634560
a006 0.00 0.00 0.00 1/29 7168   921456640 145715200 775741440        0 56532992 36691968  2105663488        0 2105663488
a074 0.00 0.00 0.00 1/29 20266   921395200 502837248 418557952        0 59146240 421797888  2147467264 415776768 1731690496
a075 0.00 0.00 0.00 1/29 20214   921395200 406794240 514600960        0 59138048 326885376  2147467264 320823296 1826643968
a007 0.00 0.00 0.00 1/29 7048   921456640 144719872 776736768        0 56225792 36020224  2105663488        0 2105663488
a076 0.00 0.00 0.00 1/30 17174   921395200 422248448 499146752        0 59129856 340058112  2147467264 333824000 1813643264
a077 0.00 0.00 0.00 1/29 10581   921452544 171474944 749977600        0 85204992 33161216  2147467264        0 2147467264
a009 0.00 0.00 0.00 1/29 7294   921456640 141135872 780320768        0 52121600 36610048  2105663488        0 2105663488
a078 0.00 0.00 0.00 1/28 10651   921452544 172462080 748990464        0 85262336 34152448  2147467264        0 2147467264
a079 0.00 0.00 0.00 1/29 10654   921452544 171929600 749522944        0 85245952 33529856  2147467264        0 2147467264
a081 0.00 0.00 0.00 1/29 20205   921395200 450080768 471314432        0 59138048 369340416  2147467264 363339776 1784127488
a082 0.00 0.00 0.00 1/29 20199   921395200 435425280 485969920        0 59150336 356044800  2147467264 350003200 1797464064
a083 0.00 0.00 0.00 1/29 17190   921395200 471011328 450383872        0 59142144 388374528  2147467264 381489152 1765978112
a084 0.00 0.00 0.00 1/29 30139   921395200 466886656 454508544        0 59142144 384552960  2147467264 377700352 1769766912
a085 0.00 0.00 0.00 1/29 30274   921395200 431255552 490139648        0 59133952 351256576  2147467264 344268800 1803198464
a086 0.00 0.00 0.00 1/29 30181   921395200 473677824 447717376        0 59125760 391847936  2147467264 384884736 1762582528
a087 0.00 0.00 0.00 1/26 1110   921395200 32477184 888918016        0  6021120 10309632  2147467264        0 2147467264
a088 0.00 0.00 0.00 1/29 10577   921452544 171622400 749830144        0 85405696 33103872  2147467264        0 2147467264
a089 0.00 0.00 0.00 1/29 30174   921395200 407879680 513515520        0 59133952 331575296  2147467264 324620288 1822846976
a090 0.00 0.00 0.00 1/29 10567   921452544 171323392 750129152        0 85172224 33046528  2147467264        0 2147467264
a091 0.00 0.00 0.00 1/29 30066   921395200 460193792 461201408        0 59133952 381157376  2147467264 374116352 1773350912
a092 0.00 0.00 0.00 1/29 2204   921395200 603873280 317521920        0 59011072 524734464  2147467264 517763072 1629704192
a093 0.00 0.00 0.00 1/29 2160   921395200 448987136 472408064        0 59002880 369315840  2147467264 362291200 1785176064
a094 0.00 0.00 0.00 1/29 25488   921395200 589135872 332259328        0 59002880 510025728  2147467264 503115776 1644351488
a095 0.00 0.00 0.00 1/29 25455   921395200 532099072 389296128        0 59002880 453607424  2147467264 446668800 1700798464
a096 0.00 0.00 0.00 1/29 25439   921395200 640294912 281100288        0 58998784 560844800  2147467264 553881600 1593585664
a097 0.00 0.00 0.00 1/29 9383   921395200 408936448 512458752        0 59088896 331026432  2147467264 324259840 1823207424
a098 0.00 0.00 0.00 1/29 9772   921452544 346800128 574652416        0 46321664 275390464  2147467264 269271040 1878196224
a099 0.00 0.00 0.00 1/29 11453   921452544 178180096 743272448        0 80691200 44060672  2147467264        0 2147467264
a100 0.00 0.00 0.00 1/29 1126   921452544 75984896 845467648        0 47628288 10670080  2147467264        0 2147467264
a005 -1
a024 -1
a026 -1
a031 -1
a043 -1
a052 -1
a053 -1
a057 -1
a058 -1
a068 -1
a080 -1
