TRANS ALL
NC12H26            2   789.980     7.047     0.000     0.000     1.000          
H                  0   145.000     2.050     0.000     0.000     0.000          
O                  0    80.000     2.750     0.000     0.000     0.000          
OH                 1    80.000     2.750     0.000     0.000     0.000          
HO2                2   107.400     3.458     0.000     0.000     1.000          
H2                 1    38.000     2.920     0.000     0.790   280.000          
H2O                2   572.400     2.605     1.844     0.000     4.000          
H2O2               2   107.400     3.458     0.000     0.000     3.800          
O2                 1   107.400     3.458     0.000     1.600     3.800          
CH2                1   144.000     3.800     0.000     0.000     0.000          
CH2*               1   144.000     3.800     0.000     0.000     0.000          
CH3                1   144.000     3.800     0.000     0.000     0.000          
CH4                2   141.400     3.746     0.000     2.600    13.000          
HCO                2   498.000     3.590     0.000     0.000     0.000          
CH2O               2   498.000     3.590     0.000     0.000     2.000          
CH3O               2   417.000     3.690     1.700     0.000     2.000          
CO                 1    98.100     3.650     0.000     1.950     1.800          
CO2                1   244.000     3.763     0.000     2.650     2.100          
C2H2               1   209.000     4.100     0.000     0.000     2.500          
C2H3               2   209.000     4.100     0.000     0.000     1.000          
C2H4               2   280.800     3.971     0.000     0.000     1.500          
C2H5               2   252.300     4.302     0.000     0.000     1.500          
C2H6               2   252.300     4.302     0.000     0.000     1.500          
CH2CHO             2   436.000     3.970     0.000     0.000     2.000          
aC3H5              2   266.800     4.982     0.000     0.000     1.000          
C3H6               2   266.800     4.982     0.000     0.000     1.000          
nC3H7              2   266.800     4.982     0.000     0.000     1.000          
C2H3CHO            2   357.000     5.176     0.000     0.000     1.000          
C4H7               2   357.000     5.176     0.000     0.000     1.000          
C4H81              2   357.000     5.176     0.000     0.000     1.000          
pC4H9              2   357.000     5.176     0.000     0.000     1.000          
C5H9               2   448.508     5.342     0.000     0.000     1.000          
C5H10              2   448.508     5.342     0.000     0.000     1.000          
PXC5H11            2   458.182     5.445     0.000     0.000     1.000          
C6H12              2   504.629     5.628     0.000     0.000     1.000          
PXC6H13            2   512.225     5.742     0.000     0.000     1.000          
C7H14              2   557.947     5.876     0.000     0.000     1.000          
PXC7H15            2   564.030     6.004     0.000     0.000     1.000          
C8H16              2   608.488     6.100     0.000     0.000     1.000          
PXC8H17            2   613.127     6.250     0.000     0.000     1.000          
C9H18              2   655.390     6.331     0.000     0.000     1.000          
PXC9H19            2   660.032     6.467     0.000     0.000     1.000          
C10H20             2   698.122     6.578     0.000     0.000     1.000          
PXC10H21           2   704.917     6.675     0.000     0.000     1.000          
PXC12H25           2   789.980     7.047     0.000     0.000     1.000          
SXC12H25           2   789.980     7.047     0.000     0.000     1.000          
S3XC12H25          2   789.980     7.047     0.000     0.000     1.000          
C12H24             2   775.294     7.090     0.000     0.000     1.000          
C12H25O2           2   805.031     7.102     0.000     0.000     1.000          
C12OOH             2   805.031     7.102     0.000     0.000     1.000          
O2C12H24OOH        2   877.052     7.457     0.000     0.000     1.000          
OC12H23OOH         2   839.348     7.273     0.000     0.000     1.000          
N2                 1    97.530     3.621     0.000     1.760     4.000          
END
