-2.04078397E+01 
3.65436395E+00 
-3.98339635E-01 
1.75883009E-02 
-1.71618309E+01 
2.68036374E+00 
-2.72570227E-01 
1.21650964E-02 
-1.50926240E+01 
1.92606504E+00 
-1.73487476E-01 
7.82572931E-03 
-1.50620763E+01 
1.92606504E+00 
-1.73487476E-01 
7.82572931E-03 
-1.38347699E+01 
1.00106621E+00 
-4.98105694E-02 
2.31450475E-03 
-1.05420863E+01 
-1.37777096E+00 
4.20502308E-01 
-2.40627230E-02 
-2.40014975E+01 
5.14359547E+00 
-5.74269731E-01 
2.44937679E-02 
-1.71463238E+01 
2.68036374E+00 
-2.72570227E-01 
1.21650964E-02 
-1.71312832E+01 
2.68036374E+00 
-2.72570227E-01 
1.21650964E-02 
-1.66188336E+01 
2.40307799E+00 
-2.36167638E-01 
1.05714061E-02 
-1.98501306E+01 
2.69480162E+00 
-1.65880845E-01 
3.14504769E-03 
-1.50067648E+01 
1.69625877E+00 
-1.42936462E-01 
6.47223426E-03 
-1.51956901E+01 
1.92606504E+00 
-1.73487476E-01 
7.82572931E-03 
-2.02663469E+01 
3.63241793E+00 
-3.95581049E-01 
1.74725495E-02 
-2.02316497E+01 
3.63241793E+00 
-3.95581049E-01 
1.74725495E-02 
-1.98330577E+01 
2.69480162E+00 
-1.65880845E-01 
3.14504769E-03 
-1.92183831E+01 
3.75164499E+00 
-4.10390993E-01 
1.80861665E-02 
-2.33863848E+01 
4.80350223E+00 
-5.38341336E-01 
2.32747213E-02 
-2.23395647E+01 
3.86433912E+00 
-3.41553983E-01 
1.17083447E-02 
-2.33666446E+01 
4.80350223E+00 
-5.38341336E-01 
2.32747213E-02 
-2.02663469E+01 
3.63241793E+00 
-3.95581049E-01 
1.74725495E-02 
-1.90422907E+01 
3.47025711E+00 
-3.75102111E-01 
1.66086076E-02 
-2.05644525E+01 
3.03946431E+00 
-2.16994867E-01 
5.61394012E-03 
-1.99945919E+01 
2.86923313E+00 
-2.03325661E-01 
5.39056989E-03 
-1.99945919E+01 
2.86923313E+00 
-2.03325661E-01 
5.39056989E-03 
-2.00094664E+01 
3.57220167E+00 
-3.87936446E-01 
1.71483254E-02 
-2.03725491E+01 
3.03946431E+00 
-2.16994867E-01 
5.61394012E-03 
-2.33476543E+01 
4.80350223E+00 
-5.38341336E-01 
2.32747213E-02 
-2.50655444E+01 
5.33982977E+00 
-5.89982992E-01 
2.47780650E-02 
-2.46581414E+01 
5.19497183E+00 
-5.78827339E-01 
2.46050921E-02 
-2.23395647E+01 
3.86433912E+00 
-3.41553983E-01 
1.17083447E-02 
-2.23277173E+01 
3.86433912E+00 
-3.41553983E-01 
1.17083447E-02 
-2.23161441E+01 
3.86433912E+00 
-3.41553983E-01 
1.17083447E-02 
-2.33666446E+01 
4.80350223E+00 
-5.38341336E-01 
2.32747213E-02 
-2.12500723E+01 
3.25726898E+00 
-2.49519605E-01 
7.19215196E-03 
-2.51288278E+01 
5.30723075E+00 
-5.89742369E-01 
2.49294033E-02 
-2.46410937E+01 
5.19497183E+00 
-5.78827339E-01 
2.46050921E-02 
-2.51172662E+01 
5.30723075E+00 
-5.89742369E-01 
2.49294033E-02 
-2.51406631E+01 
5.30723075E+00 
-5.89742369E-01 
2.49294033E-02 
-2.47022508E+01 
5.19146996E+00 
-5.78430696E-01 
2.45902122E-02 
-2.46895107E+01 
5.19146996E+00 
-5.78430696E-01 
2.45902122E-02 
-2.46895107E+01 
5.19146996E+00 
-5.78430696E-01 
2.45902122E-02 
-2.51527853E+01 
5.30723075E+00 
-5.89742369E-01 
2.49294033E-02 
-2.48802265E+01 
4.94595777E+00 
-5.12278955E-01 
2.03286378E-02 
-1.92053394E+01 
2.36233773E+00 
-1.27934596E-01 
1.75445538E-03 
-2.51527853E+01 
5.30723075E+00 
-5.89742369E-01 
2.49294033E-02 
-2.38491364E+01 
5.08149651E+00 
-5.69446240E-01 
2.44183705E-02 
-2.48704538E+01 
4.94595777E+00 
-5.12278955E-01 
2.03286378E-02 
-2.31769852E+01 
4.80350223E+00 
-5.38341336E-01 
2.32747213E-02 
-2.45398229E+01 
5.19146996E+00 
-5.78430696E-01 
2.45902122E-02 
-2.48901940E+01 
4.94595777E+00 
-5.12278955E-01 
2.03286378E-02 
-2.48802265E+01 
4.94595777E+00 
-5.12278955E-01 
2.03286378E-02 
-2.51527853E+01 
5.30723075E+00 
-5.89742369E-01 
2.49294033E-02 
-2.34114208E+01 
4.27461263E+00 
-4.04617202E-01 
1.48351999E-02 
-2.49003642E+01 
4.94595777E+00 
-5.12278955E-01 
2.03286378E-02 
-2.02594032E+01 
2.74306418E+00 
-1.73194603E-01 
3.50387394E-03 
-2.03998311E+01 
2.74306418E+00 
-1.73194603E-01 
3.50387394E-03 
-2.48514635E+01 
4.94595777E+00 
-5.12278955E-01 
2.03286378E-02 
-2.48608685E+01 
4.94595777E+00 
-5.12278955E-01 
2.03286378E-02 
-2.48608685E+01 
4.94595777E+00 
-5.12278955E-01 
2.03286378E-02 
-2.15748728E+01 
3.36866449E+00 
-2.66238062E-01 
8.00671416E-03 
-2.19841167E+01 
3.46341268E+00 
-2.80516687E-01 
8.70427548E-03 
-2.23900786E+01 
3.78460980E+00 
-3.29370574E-01 
1.11069352E-02 
-2.49295265E+01 
4.99407558E+00 
-5.20389056E-01 
2.07557283E-02 
-2.19891717E+01 
3.46341268E+00 
-2.80516687E-01 
8.70427548E-03 
-2.49619902E+01 
5.04644269E+00 
-5.29535742E-01 
2.12476533E-02 
-2.42040008E+01 
4.60377392E+00 
-4.56799058E-01 
1.74771833E-02 
-2.20266550E+01 
3.49198163E+00 
-2.84911855E-01 
8.92219375E-03 
-1.72788865E+01 
1.32892958E+00 
3.32518005E-02 
-6.33218516E-03 
-1.90759426E+01 
2.33020391E+00 
-1.21324987E-01 
1.36333551E-03 
-2.46566816E+01 
4.96413364E+00 
-5.15375011E-01 
2.04926972E-02 
-2.20318143E+01 
3.49198163E+00 
-2.84911855E-01 
8.92219375E-03 
-2.39731890E+01 
4.48124637E+00 
-4.36934973E-01 
1.64568564E-02 
-2.02354368E+01 
2.73742901E+00 
-1.72182607E-01 
3.44858406E-03 
-2.09135707E+01 
3.04582937E+00 
-2.17941137E-01 
5.65973629E-03 
-2.20110309E+01 
3.48324809E+00 
-2.83512675E-01 
8.85089297E-03 
-2.27467577E+01 
3.84256272E+00 
-3.38223276E-01 
1.15438254E-02 
-2.50061647E+01 
5.06804991E+00 
-5.32877955E-01 
2.14144659E-02 
-2.52462994E+01 
5.27749097E+00 
-5.74219215E-01 
2.37811608E-02 
-2.49295265E+01 
4.99407558E+00 
-5.20389056E-01 
2.07557283E-02 
-2.20154624E+01 
3.48324809E+00 
-2.83512675E-01 
8.85089297E-03 
-2.26805360E+01 
3.81058495E+00 
-3.33336452E-01 
1.13025866E-02 
-1.65073375E+01 
9.65879106E-01 
8.75515954E-02 
-8.97000947E-03 
-2.25995545E+01 
3.87265859E+00 
-3.42827019E-01 
1.17712376E-02 
-2.46566816E+01 
4.96413364E+00 
-5.15375011E-01 
2.04926972E-02 
-2.26856953E+01 
3.81058495E+00 
-3.33336452E-01 
1.13025866E-02 
-2.26676068E+01 
3.85764723E+00 
-3.40530209E-01 
1.16577672E-02 
-2.02214573E+01 
2.73742901E+00 
-1.72182607E-01 
3.44858406E-03 
-2.02354368E+01 
2.73742901E+00 
-1.72182607E-01 
3.44858406E-03 
-2.15748728E+01 
3.36866449E+00 
-2.66238062E-01 
8.00671416E-03 
-2.15813667E+01 
3.36866449E+00 
-2.66238062E-01 
8.00671416E-03 
-1.81331162E+01 
1.72216058E+00 
-2.23735008E-02 
-3.75123114E-03 
-1.81282537E+01 
1.72216058E+00 
-2.23735008E-02 
-3.75123114E-03 
-1.84835659E+01 
1.92757547E+00 
-5.28989543E-02 
-2.27633414E-03 
-1.84885248E+01 
1.92757547E+00 
-5.28989543E-02 
-2.27633414E-03 
-1.81331162E+01 
1.72216058E+00 
-2.23735008E-02 
-3.75123114E-03 
-1.40967619E+01 
-7.25026319E-02 
2.37630437E-01 
-1.60600189E-02 
-1.40928144E+01 
-7.25026319E-02 
2.37630437E-01 
-1.60600189E-02 
-1.40967619E+01 
-7.25026319E-02 
2.37630437E-01 
-1.60600189E-02 
-1.12066672E+01 
-1.34637412E+00 
4.19041443E-01 
-2.45118595E-02 
-1.12066672E+01 
-1.34637412E+00 
4.19041443E-01 
-2.45118595E-02 
-1.12099677E+01 
-1.34637412E+00 
4.19041443E-01 
-2.45118595E-02 
-1.12099677E+01 
-1.34637412E+00 
4.19041443E-01 
-2.45118595E-02 
-1.12132901E+01 
-1.34637412E+00 
4.19041443E-01 
-2.45118595E-02 
-1.12132901E+01 
-1.34637412E+00 
4.19041443E-01 
-2.45118595E-02 
-1.12099677E+01 
-1.34637412E+00 
4.19041443E-01 
-2.45118595E-02 
-1.12132901E+01 
-1.34637412E+00 
4.19041443E-01 
-2.45118595E-02 
-7.89401262E+00 
-2.82074098E+00 
6.26530267E-01 
-3.40694045E-02 
-7.85878894E+00 
-2.83472661E+00 
6.28485934E-01 
-3.41589142E-02 
-7.86165713E+00 
-2.83472661E+00 
6.28485934E-01 
-3.41589142E-02 
-1.19096852E+01 
-1.01453710E+00 
3.72001852E-01 
-2.23297830E-02 
-1.19129640E+01 
-1.01453710E+00 
3.72001852E-01 
-2.23297830E-02 
-7.89401262E+00 
-2.82074098E+00 
6.26530267E-01 
-3.40694045E-02 
-7.89117697E+00 
-2.82074098E+00 
6.26530267E-01 
-3.40694045E-02 
-7.89401262E+00 
-2.82074098E+00 
6.26530267E-01 
-3.40694045E-02 
-5.32106455E+00 
-3.93923563E+00 
7.82149365E-01 
-4.11585490E-02 
-5.31856653E+00 
-3.93923563E+00 
7.82149365E-01 
-4.11585490E-02 
-5.40885837E+00 
-3.89579390E+00 
7.76122160E-01 
-4.08846109E-02 
-5.41135640E+00 
-3.89579390E+00 
7.76122160E-01 
-4.08846109E-02 
-5.35274321E+00 
-3.89579390E+00 
7.76122160E-01 
-4.08846109E-02 
-5.40885837E+00 
-3.89579390E+00 
7.76122160E-01 
-4.08846109E-02 
-2.38084387E+01 
4.43522335E+00 
-4.29695214E-01 
1.60919951E-02 
-2.38161216E+01 
4.43522335E+00 
-4.29695214E-01 
1.60919951E-02 
-2.06811440E+01 
2.99242170E+00 
-2.10002208E-01 
5.27549550E-03 
-2.06873977E+01 
2.99242170E+00 
-2.10002208E-01 
5.27549550E-03 
-1.48160934E+01 
2.01543318E-01 
1.98226877E-01 
-1.42080445E-02 
-1.41420117E+01 
-7.25026319E-02 
2.37630437E-01 
-1.60600189E-02 
-1.41463692E+01 
-7.25026319E-02 
2.37630437E-01 
-1.60600189E-02 
-2.02962585E+01 
2.74306418E+00 
-1.73194603E-01 
3.50387394E-03 
-1.40851792E+01 
-7.25026319E-02 
2.37630437E-01 
-1.60600189E-02 
-2.15879460E+01 
3.36866449E+00 
-2.66238062E-01 
8.00671416E-03 
-2.02907587E+01 
2.74306418E+00 
-1.73194603E-01 
3.50387394E-03 
-2.36030737E+01 
4.28989010E+00 
-4.06989545E-01 
1.49536587E-02 
-2.02107041E+01 
2.74306418E+00 
-1.73194603E-01 
3.50387394E-03 
-2.02153864E+01 
2.74306418E+00 
-1.73194603E-01 
3.50387394E-03 
-2.02153864E+01 
2.74306418E+00 
-1.73194603E-01 
3.50387394E-03 
-2.02107041E+01 
2.74306418E+00 
-1.73194603E-01 
3.50387394E-03 
-2.02201130E+01 
2.74306418E+00 
-1.73194603E-01 
3.50387394E-03 
-2.36084576E+01 
4.28989010E+00 
-4.06989545E-01 
1.49536587E-02 
-2.02962585E+01 
2.74306418E+00 
-1.73194603E-01 
3.50387394E-03 
-1.81234381E+01 
1.72216058E+00 
-2.23735008E-02 
-3.75123114E-03 
-1.81186684E+01 
1.72216058E+00 
-2.23735008E-02 
-3.75123114E-03 
-1.79906109E+01 
1.72216058E+00 
-2.23735008E-02 
-3.75123114E-03 
-1.79906109E+01 
1.72216058E+00 
-2.23735008E-02 
-3.75123114E-03 
-1.79387468E+01 
1.72216058E+00 
-2.23735008E-02 
-3.75123114E-03 
-1.81186684E+01 
1.72216058E+00 
-2.23735008E-02 
-3.75123114E-03 
-1.81234381E+01 
1.72216058E+00 
-2.23735008E-02 
-3.75123114E-03 
-1.80568037E+01 
1.72216058E+00 
-2.23735008E-02 
-3.75123114E-03 
-1.12439318E+01 
-1.34637412E+00 
4.19041443E-01 
-2.45118595E-02 
-1.80610160E+01 
1.72216058E+00 
-2.23735008E-02 
-3.75123114E-03 
-1.80017576E+01 
1.72216058E+00 
-2.23735008E-02 
-3.75123114E-03 
-1.40340009E+01 
-7.25026319E-02 
2.37630437E-01 
-1.60600189E-02 
-1.12474886E+01 
-1.34637412E+00 
4.19041443E-01 
-2.45118595E-02 
-1.11938177E+01 
-1.34637412E+00 
4.19041443E-01 
-2.45118595E-02 
-1.11970342E+01 
-1.34637412E+00 
4.19041443E-01 
-2.45118595E-02 
-1.40375089E+01 
-7.25026319E-02 
2.37630437E-01 
-1.60600189E-02 
-2.14124449E+01 
3.36866449E+00 
-2.66238062E-01 
8.00671416E-03 
-1.65695594E+01 
2.39056562E+00 
-2.34558144E-01 
1.05024037E-02 
