0.00000000E+00
0.00000000E+00
0.00000000E+00
0.00000000E+00
1.79840299E-01
6.01722902E-04
-3.26433894E-07
5.49112302E-11
2.35283119E-01
4.65670599E-04
-2.60939824E-07
4.49271822E-11
2.37053352E-01
4.69174231E-04
-2.62903094E-07
4.52652072E-11
1.44152190E-01
7.99993584E-05
-4.89707442E-08
9.14277269E-12
-1.74352698E-01
8.62246873E-04
-3.79545489E-07
5.60262093E-11
-2.00309448E-02
8.50440115E-04
-4.21064468E-07
6.67959710E-11
1.80186965E-01
6.02882805E-04
-3.27063140E-07
5.50170790E-11
1.80513677E-01
6.03975942E-04
-3.27656165E-07
5.51168351E-11
2.00119897E-01
5.64793704E-04
-3.09445484E-07
5.24139335E-11
-1.60981264E-01
9.03807572E-04
-4.06927941E-07
6.09202254E-11
2.49272491E-01
4.08682510E-04
-2.31943878E-07
4.03271405E-11
2.28560867E-01
4.52365967E-04
-2.53484536E-07
4.36435719E-11
9.90752318E-02
6.44201384E-04
-3.38485953E-07
5.57356746E-11
1.00039110E-01
6.50468660E-04
-3.41778999E-07
5.62779132E-11
-1.61357564E-01
9.05920260E-04
-4.07879153E-07
6.10626290E-11
9.86934401E-02
7.20974863E-04
-3.77135221E-07
6.19202579E-11
1.62736132E-02
7.87669911E-04
-3.97050662E-07
6.36859622E-11
-1.41640506E-01
9.21404324E-04
-4.23210110E-07
6.41400322E-11
1.63245097E-02
7.90133388E-04
-3.98292458E-07
6.38851432E-11
9.90752318E-02
6.44201384E-04
-3.38485953E-07
5.57356746E-11
1.22193921E-01
6.90321128E-04
-3.64844875E-07
6.03054876E-11
-1.56651581E-01
9.09789751E-04
-4.11714242E-07
6.18310893E-11
-1.31244519E-01
9.03901384E-04
-4.17831507E-07
6.35725667E-11
-1.31244519E-01
9.03901384E-04
-4.17831507E-07
6.35725667E-11
1.05124122E-01
6.50665957E-04
-3.42564538E-07
5.64804120E-11
-1.59826932E-01
9.28231324E-04
-4.20059750E-07
6.30844146E-11
1.63717489E-02
7.92419842E-04
-3.99445020E-07
6.40700113E-11
-5.08744745E-02
8.54342586E-04
-4.15926453E-07
6.53063261E-11
-2.71690558E-02
8.37233133E-04
-4.12887636E-07
6.53405197E-11
-1.41640506E-01
9.21404324E-04
-4.23210110E-07
6.41400322E-11
-1.41799739E-01
9.22440172E-04
-4.23685885E-07
6.42121388E-11
-1.41951848E-01
9.23429679E-04
-4.24140376E-07
6.42810196E-11
1.63245097E-02
7.90133388E-04
-3.98292458E-07
6.38851432E-11
-1.55536623E-01
9.26290092E-04
-4.20679731E-07
6.33165565E-11
-4.06197305E-02
8.67025869E-04
-4.24730138E-07
6.69410527E-11
-2.72323768E-02
8.39184413E-04
-4.13849924E-07
6.54928043E-11
-4.06632162E-02
8.67954070E-04
-4.25184836E-07
6.70127170E-11
-4.05742102E-02
8.66054242E-04
-4.24254167E-07
6.68660357E-11
-2.73819953E-02
8.52007537E-04
-4.20233144E-07
6.65087065E-11
-2.74175980E-02
8.53115337E-04
-4.20779540E-07
6.65951827E-11
-2.74175980E-02
8.53115337E-04
-4.20779540E-07
6.65951827E-11
-4.05265093E-02
8.65036069E-04
-4.23755394E-07
6.67874248E-11
-1.04233347E-01
9.15295078E-04
-4.32204298E-07
6.66167811E-11
-1.40298634E-01
9.31854120E-04
-4.29039770E-07
6.51192086E-11
-4.05265093E-02
8.65036069E-04
-4.23755394E-07
6.67874248E-11
-8.53128276E-03
8.36253644E-04
-4.16411595E-07
6.62894043E-11
-1.04313049E-01
9.15994958E-04
-4.32534783E-07
6.66677196E-11
1.67288378E-02
8.09703539E-04
-4.08157430E-07
6.54674608E-11
-2.77770229E-02
8.64299062E-04
-4.26295656E-07
6.74681973E-11
-1.04150499E-01
9.14567570E-04
-4.31860767E-07
6.65638318E-11
-1.04233347E-01
9.15295078E-04
-4.32204298E-07
6.66167811E-11
-4.05265093E-02
8.65036069E-04
-4.23755394E-07
6.67874248E-11
-1.32461416E-01
9.30313107E-04
-4.30922433E-07
6.56463431E-11
-1.04064314E-01
9.13810765E-04
-4.31503402E-07
6.65087502E-11
-1.68143041E-01
9.49180107E-04
-4.27717320E-07
6.40659980E-11
-1.67026235E-01
9.42875653E-04
-4.24876422E-07
6.36404717E-11
-1.04463705E-01
9.17317898E-04
-4.33159478E-07
6.67640055E-11
-1.04389781E-01
9.16668754E-04
-4.32852951E-07
6.67167597E-11
-1.04389781E-01
9.16668754E-04
-4.32852951E-07
6.67167597E-11
-1.56336482E-01
9.43814119E-04
-4.29437786E-07
6.47088533E-11
-1.55228210E-01
9.48987307E-04
-4.32517553E-07
6.52402330E-11
-1.46424793E-01
9.40060436E-04
-4.31101818E-07
6.52733173E-11
-1.01770402E-01
9.17667014E-04
-4.34133683E-07
6.69899783E-11
-1.55196478E-01
9.48793311E-04
-4.32429136E-07
6.52268964E-11
-9.79661531E-02
9.15124196E-04
-4.33959941E-07
6.70597065E-11
-1.21244149E-01
9.32247360E-04
-4.35568436E-07
6.67044478E-11
-1.54462820E-01
9.48511176E-04
-4.32552908E-07
6.52689546E-11
-1.88622313E-01
9.48768816E-04
-4.19047376E-07
6.19889298E-11
-1.55773629E-01
9.41764784E-04
-4.28588203E-07
6.45885135E-11
-1.03383911E-01
9.17368946E-04
-4.33506203E-07
6.68476435E-11
-1.54429928E-01
9.48309192E-04
-4.32460796E-07
6.52550557E-11
-1.26505967E-01
9.33839500E-04
-4.34686874E-07
6.64184154E-11
-1.67071639E-01
9.41792523E-04
-4.24295379E-07
6.35448310E-11
-1.61125279E-01
9.36383680E-04
-4.23789294E-07
6.36482481E-11
-1.55182958E-01
9.51283829E-04
-4.33718830E-07
6.54357579E-11
-1.46161018E-01
9.47341910E-04
-4.34935648E-07
6.58996906E-11
-9.72423787E-02
9.14735266E-04
-4.33973060E-07
6.70802591E-11
-6.92602151E-02
8.88360172E-04
-4.28365765E-07
6.68694606E-11
-1.01770402E-01
9.17667014E-04
-4.34133683E-07
6.69899783E-11
-1.55158577E-01
9.51134376E-04
-4.33650690E-07
6.54254775E-11
-1.46930357E-01
9.47303800E-04
-4.34644262E-07
6.58301508E-11
-1.94275154E-01
9.48618897E-04
-4.16469197E-07
6.13750435E-11
-1.43320505E-01
9.33652245E-04
-4.28907003E-07
6.50100439E-11
-1.03383911E-01
9.17368946E-04
-4.33506203E-07
6.68476435E-11
-1.46899068E-01
9.47102072E-04
-4.34551705E-07
6.58161323E-11
-1.44554799E-01
9.39302405E-04
-4.31373527E-07
6.53719289E-11
-1.67202326E-01
9.42529215E-04
-4.24627272E-07
6.35945372E-11
-1.67071639E-01
9.41792523E-04
-4.24295379E-07
6.35448310E-11
-1.56336482E-01
9.43814119E-04
-4.29437786E-07
6.47088533E-11
-1.56283739E-01
9.43495709E-04
-4.29292909E-07
6.46870228E-11
-1.84147429E-01
9.47998937E-04
-4.20567413E-07
6.23866926E-11
-1.84182267E-01
9.48178285E-04
-4.20646978E-07
6.23984953E-11
-1.81048708E-01
9.48512010E-04
-4.22144599E-07
6.27459580E-11
-1.81013091E-01
9.48325411E-04
-4.22061551E-07
6.27336141E-11
-1.84147429E-01
9.47998937E-04
-4.20567413E-07
6.23866926E-11
-2.05577400E-01
9.42223869E-04
-4.07798488E-07
5.95555241E-11
-2.05603031E-01
9.42341346E-04
-4.07849333E-07
5.95629495E-11
-2.05577400E-01
9.42223869E-04
-4.07798488E-07
5.95555241E-11
-2.18112504E-01
9.34510954E-04
-3.97322753E-07
5.73639838E-11
-2.18112504E-01
9.34510954E-04
-3.97322753E-07
5.73639838E-11
-2.18093496E-01
9.34429516E-04
-3.97288128E-07
5.73589848E-11
-2.18093496E-01
9.34429516E-04
-3.97288128E-07
5.73589848E-11
-2.18074237E-01
9.34346999E-04
-3.97253045E-07
5.73539196E-11
-2.18074237E-01
9.34346999E-04
-3.97253045E-07
5.73539196E-11
-2.18093496E-01
9.34429516E-04
-3.97288128E-07
5.73589848E-11
-2.18074237E-01
9.34346999E-04
-3.97253045E-07
5.73539196E-11
-2.30318210E-01
9.20466763E-04
-3.82846810E-07
5.44806736E-11
-2.30406988E-01
9.20234995E-04
-3.82665767E-07
5.44468851E-11
-2.30391824E-01
9.20174432E-04
-3.82640583E-07
5.44433018E-11
-2.15208045E-01
9.37527124E-04
-4.00473595E-07
5.79944838E-11
-2.15189536E-01
9.37446491E-04
-4.00439152E-07
5.79894959E-11
-2.30318210E-01
9.20466763E-04
-3.82846810E-07
5.44806736E-11
-2.30333027E-01
9.20525978E-04
-3.82871440E-07
5.44841785E-11
-2.30318210E-01
9.20466763E-04
-3.82846810E-07
5.44806736E-11
-2.38218471E-01
9.06960712E-04
-3.70480737E-07
5.20836879E-11
-2.38230363E-01
9.07005991E-04
-3.70499233E-07
5.20862881E-11
-2.37962577E-01
9.07614998E-04
-3.71013224E-07
5.21839520E-11
-2.37950697E-01
9.07569689E-04
-3.70994703E-07
5.21813470E-11
-2.38214511E-01
9.08575903E-04
-3.71406021E-07
5.22391999E-11
-2.37962577E-01
9.07614998E-04
-3.71013224E-07
5.21839520E-11
-1.27895214E-01
9.33136570E-04
-4.33875288E-07
6.62493776E-11
-1.27834819E-01
9.32695920E-04
-4.33670401E-07
6.62180930E-11
-1.63511140E-01
9.45115943E-04
-4.27402891E-07
6.41596357E-11
-1.63459982E-01
9.44820241E-04
-4.27269168E-07
6.41395619E-11
-2.00852028E-01
9.35620744E-04
-4.06507563E-07
5.95132970E-11
-2.05268919E-01
9.40810009E-04
-4.07186564E-07
5.94661576E-11
-2.05237738E-01
9.40667097E-04
-4.07124711E-07
5.94571245E-11
-1.67878917E-01
9.47689110E-04
-4.27045451E-07
6.39653615E-11
-2.05652045E-01
9.42565993E-04
-4.07946561E-07
5.95771488E-11
-1.56229618E-01
9.43168975E-04
-4.29144244E-07
6.46646216E-11
-1.67919551E-01
9.47918492E-04
-4.27148814E-07
6.39808439E-11
-1.33847833E-01
9.43197238E-04
-4.37040277E-07
6.65922592E-11
-1.68464032E-01
9.50992126E-04
-4.28533848E-07
6.41883023E-11
-1.68434485E-01
9.50825330E-04
-4.28458687E-07
6.41770442E-11
-1.68434485E-01
9.50825330E-04
-4.28458687E-07
6.41770442E-11
-1.68464032E-01
9.50992126E-04
-4.28533848E-07
6.41883023E-11
-1.68404382E-01
9.50655395E-04
-4.28382111E-07
6.41655743E-11
-1.33816795E-01
9.42978515E-04
-4.36938929E-07
6.65768167E-11
-1.67878917E-01
9.47689110E-04
-4.27045451E-07
6.39653615E-11
-1.84216444E-01
9.48354227E-04
-4.20725033E-07
6.24100738E-11
-1.84249977E-01
9.48526860E-04
-4.20801619E-07
6.24214346E-11
-1.85042218E-01
9.52605351E-04
-4.22610989E-07
6.26898352E-11
-1.85042218E-01
9.52605351E-04
-4.22610989E-07
6.26898352E-11
-1.85310398E-01
9.53985949E-04
-4.23223473E-07
6.27806908E-11
-1.84249977E-01
9.48526860E-04
-4.20801619E-07
6.24214346E-11
-1.84216444E-01
9.48354227E-04
-4.20725033E-07
6.24100738E-11
-1.84657625E-01
9.50625447E-04
-4.21732630E-07
6.25595401E-11
-2.17890534E-01
9.33559915E-04
-3.96918403E-07
5.73056053E-11
-1.84631414E-01
9.50490511E-04
-4.21672767E-07
6.25506601E-11
-1.84980913E-01
9.52289748E-04
-4.22470976E-07
6.26690658E-11
-2.05962219E-01
9.43987610E-04
-4.08561843E-07
5.96670056E-11
-2.17868482E-01
9.33465435E-04
-3.96878233E-07
5.72998057E-11
-2.18185336E-01
9.34823005E-04
-3.97455426E-07
5.73831387E-11
-2.18167277E-01
9.34745634E-04
-3.97422531E-07
5.73783894E-11
-2.05941943E-01
9.43894679E-04
-4.08521622E-07
5.96611316E-11
-1.57459720E-01
9.50595184E-04
-4.32523187E-07
6.51737700E-11
2.01521643E-01
5.62744089E-04
-3.08519239E-07
5.22805986E-11
-1.44152190E-01
-7.99993584E-05
4.89707442E-08
-9.14277269E-12
4.26579943E-01
1.20407274E-04
-7.67298757E-08
1.52090336E-11
4.06682492E-01
3.84705248E-05
-2.54846868E-08
5.86302354E-12
4.12895615E-01
3.90582612E-05
-2.58740310E-08
5.95259633E-12
0.00000000E+00
0.00000000E+00
0.00000000E+00
0.00000000E+00
2.27469146E-02
6.73078907E-04
-3.40935843E-07
5.48499211E-11
2.93191523E-01
4.01430006E-04
-2.30705763E-07
4.05176586E-11
4.28230888E-01
1.20873273E-04
-7.70268349E-08
1.52678954E-11
4.29789463E-01
1.21313199E-04
-7.73071792E-08
1.53234639E-11
4.30605547E-01
9.35961902E-05
-6.03983623E-08
1.23115170E-11
1.22119780E-01
6.18373616E-04
-3.28422593E-07
5.44603522E-11
3.82245475E-01
1.47167068E-05
-9.75995257E-09
2.83217152E-12
3.83439056E-01
3.62717894E-05
-2.40281409E-08
5.52792966E-12
3.24747031E-01
1.77798548E-04
-1.08934732E-07
2.03595881E-11
3.31191185E-01
1.81326714E-04
-1.11096391E-07
2.07635959E-11
1.22693382E-01
6.21278143E-04
-3.29965208E-07
5.47161548E-11
3.86107464E-01
2.28760446E-04
-1.39425040E-07
2.58989754E-11
3.03701584E-01
3.22476070E-04
-1.88701794E-07
3.36545091E-11
1.59288984E-01
6.02833801E-04
-3.24837576E-07
5.43909010E-11
3.05613225E-01
3.24505886E-04
-1.89889572E-07
3.38663465E-11
3.24747031E-01
1.77798548E-04
-1.08934732E-07
2.03595881E-11
4.01012808E-01
1.97252826E-04
-1.21698146E-07
2.29408847E-11
1.31424053E-01
6.16429134E-04
-3.28571348E-07
5.46153434E-11
1.40314191E-01
6.01266129E-04
-3.21915137E-07
5.36679068E-11
1.40314191E-01
6.01266129E-04
-3.21915137E-07
5.36679068E-11
3.39557243E-01
1.79335036E-04
-1.10135705E-07
2.06427239E-11
1.36817715E-01
6.41727473E-04
-3.42055963E-07
5.68567648E-11
3.07392263E-01
3.26394901E-04
-1.90994958E-07
3.40634894E-11
2.49017478E-01
4.29036573E-04
-2.42668617E-07
4.20801371E-11
2.72759599E-01
3.94402719E-04
-2.25800520E-07
3.95325634E-11
1.59288984E-01
6.02833801E-04
-3.24837576E-07
5.43909010E-11
1.59647939E-01
6.04192274E-04
-3.25569591E-07
5.45134698E-11
1.59991186E-01
6.05491303E-04
-3.26269573E-07
5.46306751E-11
3.05613225E-01
3.24505886E-04
-1.89889572E-07
3.38663465E-11
1.41968940E-01
6.31753578E-04
-3.37603052E-07
5.62125242E-11
2.73200750E-01
4.32801981E-04
-2.46215081E-07
4.28882665E-11
2.74036956E-01
3.96249742E-04
-2.26857964E-07
3.97176979E-11
2.73786959E-01
4.33730648E-04
-2.46743387E-07
4.29802922E-11
2.72587742E-01
4.31830859E-04
-2.45662623E-07
4.27920337E-11
2.82909812E-01
4.08286257E-04
-2.33780785E-07
4.09342284E-11
2.83647422E-01
4.09350751E-04
-2.34390305E-07
4.10409532E-11
2.83647422E-01
4.09350751E-04
-2.34390305E-07
4.10409532E-11
2.71946054E-01
4.30814303E-04
-2.45084319E-07
4.26912987E-11
2.10004551E-01
5.44196949E-04
-2.99713552E-07
5.09532582E-11
1.37298655E-01
6.52554763E-04
-3.47607225E-07
5.77552009E-11
2.71946054E-01
4.30814303E-04
-2.45084319E-07
4.26912987E-11
3.00816769E-01
3.80375383E-04
-2.19836709E-07
3.87893094E-11
2.10326203E-01
5.45030463E-04
-3.00172605E-07
5.10313003E-11
3.20990558E-01
3.40833828E-04
-1.99444117E-07
3.55703764E-11
2.91144010E-01
4.20169584E-04
-2.40585064E-07
4.21256347E-11
2.09670448E-01
5.43331168E-04
-2.99236728E-07
5.08721950E-11
2.10004551E-01
5.44196949E-04
-2.99713552E-07
5.09532582E-11
2.71946054E-01
4.30814303E-04
-2.45084319E-07
4.26912987E-11
1.77767674E-01
5.98129745E-04
-3.24382563E-07
5.45543332E-11
2.09323156E-01
5.42431210E-04
-2.98741081E-07
5.07879318E-11
1.35650045E-01
6.80842434E-04
-3.61747869E-07
6.00026795E-11
1.33853286E-01
6.71824303E-04
-3.56956320E-07
5.92079112E-11
2.10934836E-01
5.46607649E-04
-3.01041232E-07
5.11789725E-11
2.10636086E-01
5.45833482E-04
-3.00614864E-07
5.11064871E-11
2.10636086E-01
5.45833482E-04
-3.00614864E-07
5.11064871E-11
1.50554111E-01
6.51990284E-04
-3.48888001E-07
5.81440411E-11
1.55121130E-01
6.55610653E-04
-3.51255177E-07
5.85866700E-11
1.62995868E-01
6.30693413E-04
-3.39450362E-07
5.67923159E-11
2.15139505E-01
5.43740408E-04
-2.99926299E-07
5.10460631E-11
1.55057696E-01
6.55342553E-04
-3.51111538E-07
5.85627121E-11
2.18839214E-01
5.37087157E-04
-2.96800449E-07
5.05808310E-11
1.94963988E-01
5.84809248E-04
-3.19255828E-07
5.39384246E-11
1.55815250E-01
6.53953814E-04
-3.50491742E-07
5.84732675E-11
1.00621494E-01
7.30599762E-04
-3.82256116E-07
6.27701693E-11
1.27301795E-01
6.79112982E-04
-3.59828544E-07
5.95750655E-11
2.12562541E-01
5.45357255E-04
-3.00537881E-07
5.11159625E-11
1.55748875E-01
6.53675237E-04
-3.50342437E-07
5.84483585E-11
1.88615713E-01
5.93233141E-04
-3.22963156E-07
5.44599859E-11
1.33616926E-01
6.70200043E-04
-3.56104084E-07
5.90677340E-11
1.39388410E-01
6.52862290E-04
-3.48014687E-07
5.78498386E-11
1.56498093E-01
6.58034038E-04
-3.52645512E-07
5.88288778E-11
1.67601865E-01
6.38168528E-04
-3.43766287E-07
5.75476547E-11
2.19991013E-01
5.35351922E-04
-2.95999354E-07
5.04637420E-11
2.44452926E-01
4.78884724E-04
-2.68527379E-07
4.62572763E-11
2.15139505E-01
5.43740408E-04
-2.99926299E-07
5.10460631E-11
1.56448912E-01
6.57827243E-04
-3.52534689E-07
5.88103901E-11
1.66440417E-01
6.39410126E-04
-3.44272581E-07
5.76139461E-11
9.65313578E-02
7.38857485E-04
-3.85833256E-07
6.32790337E-11
1.63853529E-01
6.18657499E-04
-3.33405839E-07
5.58303145E-11
2.12562541E-01
5.45357255E-04
-3.00537881E-07
5.11159625E-11
1.66369515E-01
6.39137745E-04
-3.44125925E-07
5.75894033E-11
1.65305245E-01
6.26775926E-04
-3.37705097E-07
5.65416061E-11
1.33826167E-01
6.71249562E-04
-3.56661736E-07
5.91602328E-11
1.33616926E-01
6.70200043E-04
-3.56104084E-07
5.90677340E-11
1.50554111E-01
6.51990284E-04
-3.48888001E-07
5.81440411E-11
1.50452493E-01
6.51550218E-04
-3.48652516E-07
5.81047963E-11
1.11512713E-01
7.13568714E-04
-3.75174019E-07
6.18024898E-11
1.11554922E-01
7.13838810E-04
-3.75316028E-07
6.18258829E-11
1.15175178E-01
7.08621866E-04
-3.73169191E-07
6.15362314E-11
1.15129853E-01
7.08343000E-04
-3.73022336E-07
6.15120149E-11
1.11512713E-01
7.13568714E-04
-3.75174019E-07
6.18024898E-11
7.58719024E-02
7.63085368E-04
-3.94941181E-07
6.44037541E-11
7.58908267E-02
7.63275699E-04
-3.95039689E-07
6.44198179E-11
7.58719024E-02
7.63085368E-04
-3.94941181E-07
6.44037541E-11
5.22299180E-02
7.94558336E-04
-4.06919213E-07
6.59166177E-11
5.22299180E-02
7.94558336E-04
-4.06919213E-07
6.59166177E-11
5.22208140E-02
7.94419841E-04
-4.06848285E-07
6.59051281E-11
5.22208140E-02
7.94419841E-04
-4.06848285E-07
6.59051281E-11
5.22115903E-02
7.94279522E-04
-4.06776424E-07
6.58934873E-11
5.22115903E-02
7.94279522E-04
-4.06776424E-07
6.58934873E-11
5.22208140E-02
7.94419841E-04
-4.06848285E-07
6.59051281E-11
5.22115903E-02
7.94279522E-04
-4.06776424E-07
6.58934873E-11
2.53188027E-02
8.26344884E-04
-4.18090443E-07
6.72147170E-11
2.50574188E-02
8.26503045E-04
-4.18121276E-07
6.72147650E-11
2.50541204E-02
8.26394250E-04
-4.18066238E-07
6.72059173E-11
5.83661163E-02
7.87871237E-04
-4.04587635E-07
6.56505596E-11
5.83560758E-02
7.87735702E-04
-4.04518035E-07
6.56392659E-11
2.53188027E-02
8.26344884E-04
-4.18090443E-07
6.72147170E-11
2.53220608E-02
8.26451218E-04
-4.18144243E-07
6.72233662E-11
2.53188027E-02
8.26344884E-04
-4.18090443E-07
6.72147170E-11
5.18794264E-03
8.48786486E-04
-4.25463180E-07
6.80070322E-11
5.18846069E-03
8.48871243E-04
-4.25505666E-07
6.80138232E-11
5.95382001E-03
8.48128810E-04
-4.25285833E-07
6.79936984E-11
5.95322554E-03
8.48044127E-04
-4.25243369E-07
6.79869094E-11
5.96643432E-03
8.49925733E-04
-4.26186882E-07
6.81377560E-11
5.95382001E-03
8.48128810E-04
-4.25285833E-07
6.79936984E-11
1.86146386E-01
5.94467932E-04
-3.23351860E-07
5.44923513E-11
1.85970497E-01
5.93906222E-04
-3.23046327E-07
5.44408617E-11
1.40697336E-01
6.66798619E-04
-3.55243196E-07
5.90292755E-11
1.40609268E-01
6.66381241E-04
-3.55020834E-07
5.89923266E-11
7.98696864E-02
7.43168971E-04
-3.85547191E-07
6.29669499E-11
7.56443261E-02
7.60796508E-04
-3.93756563E-07
6.42105763E-11
7.56213414E-02
7.60565338E-04
-3.93636919E-07
6.41910657E-11
1.35224069E-01
6.78704414E-04
-3.60611888E-07
5.98142558E-11
7.59270211E-02
7.63639726E-04
-3.95228094E-07
6.44505415E-11
1.50348253E-01
6.51098796E-04
-3.48410954E-07
5.80645387E-11
1.35289561E-01
6.79033126E-04
-3.60786540E-07
5.98432251E-11
1.83392980E-01
6.14144859E-04
-3.33156468E-07
5.60401778E-11
1.36168611E-01
6.83445173E-04
-3.63130766E-07
6.02320591E-11
1.36120837E-01
6.83205389E-04
-3.63003363E-07
6.02109269E-11
1.36120837E-01
6.83205389E-04
-3.63003363E-07
6.02109269E-11
1.36168611E-01
6.83445173E-04
-3.63130766E-07
6.02320591E-11
1.36072172E-01
6.82961135E-04
-3.62873585E-07
6.01894008E-11
1.83307905E-01
6.13859959E-04
-3.33001918E-07
5.60141809E-11
1.35224069E-01
6.78704414E-04
-3.60611888E-07
5.98142558E-11
1.11596337E-01
7.14103826E-04
-3.75455365E-07
6.18488360E-11
1.11636980E-01
7.14363903E-04
-3.75592106E-07
6.18713614E-11
1.12599288E-01
7.20521700E-04
-3.78829700E-07
6.24046908E-11
1.12599288E-01
7.20521700E-04
-3.78829700E-07
6.24046908E-11
1.12925950E-01
7.22612006E-04
-3.79928723E-07
6.25857331E-11
1.11636980E-01
7.14363903E-04
-3.75592106E-07
6.18713614E-11
1.11596337E-01
7.14103826E-04
-3.75455365E-07
6.18488360E-11
1.12131633E-01
7.17529179E-04
-3.77256318E-07
6.21455073E-11
5.21236499E-02
7.92941711E-04
-4.06091287E-07
6.57825023E-11
1.12099795E-01
7.17325451E-04
-3.77149204E-07
6.21278624E-11
1.12524679E-01
7.20044276E-04
-3.78578684E-07
6.23633409E-11
7.61562639E-02
7.65945347E-04
-3.96421387E-07
6.46451339E-11
5.21130985E-02
7.92781196E-04
-4.06009082E-07
6.57691860E-11
5.22648093E-02
7.95089128E-04
-4.07191049E-07
6.59606522E-11
5.22561572E-02
7.94957506E-04
-4.07123641E-07
6.59497328E-11
7.61412680E-02
7.65794525E-04
-3.96343328E-07
6.46324047E-11
1.52726086E-01
6.61396251E-04
-3.53921249E-07
5.89828587E-11
4.31331269E-01
9.20536800E-05
-5.94509616E-08
1.21437993E-11
