TRANS ALL
N2                 1    97.530     3.621     0.000     1.760     4.000          
H                  0   145.000     2.050     0.000     0.000     0.000          
O2                 1   107.400     3.458     0.000     1.600     3.800          
O                  0    80.000     2.750     0.000     0.000     0.000          
OH                 1    80.000     2.750     0.000     0.000     0.000          
H2                 1    38.000     2.920     0.000     0.790   280.000          
H2O                2   572.400     2.605     1.844     0.000     4.000          
CO2                1   244.000     3.763     0.000     2.650     2.100          
HO2                2   107.400     3.458     0.000     0.000     1.000          
H2O2               2   107.400     3.458     0.000     0.000     3.800          
CO                 1    98.100     3.650     0.000     1.950     1.800          
HCO                2   498.000     3.590     0.000     0.000     0.000          
C                  0    71.400     3.298     0.000     0.000     0.000          
CH                 1    80.000     2.750     0.000     0.000     0.000          
T-CH2              1   144.000     3.800     0.000     0.000     0.000          
CH3                1   144.000     3.800     0.000     0.000     0.000          
CH2O               2   498.000     3.590     0.000     0.000     2.000          
HCCO               2   150.000     2.500     0.000     0.000     1.000          
C2H                1   209.000     4.100     0.000     0.000     2.500          
CH2CO              2   436.000     3.970     0.000     0.000     2.000          
C2H2               1   209.000     4.100     0.000     0.000     2.500          
S-CH2              1   144.000     3.800     0.000     0.000     0.000          
AR                 0   136.500     3.330     0.000     0.000     0.000          
CH3OH              2   481.800     3.626     0.000     0.000     1.000          
CH2OH              2   417.000     3.690     1.700     0.000     2.000          
CH3O               2   417.000     3.690     1.700     0.000     2.000          
CH4                2   141.400     3.746     0.000     2.600    13.000          
CH3O2              2   481.800     3.626     0.000     0.000     1.000          
C2H3               2   209.000     4.100     0.000     0.000     1.000          
C2H4               2   280.800     3.971     0.000     0.000     1.500          
C2H5               2   252.300     4.302     0.000     0.000     1.500          
HCCOH              2   436.000     3.970     0.000     0.000     2.000          
CH2CHO             2   436.000     3.970     0.000     0.000     2.000          
CH3CHO             2   436.000     3.970     0.000     0.000     2.000          
H2C2               2   209.000     4.100     0.000     0.000     2.500          
C2H5O              2   470.600     4.410     0.000     0.000     1.500          
N-C3H7             2   266.800     4.982     0.000     0.000     1.000          
C2H6               2   252.300     4.302     0.000     0.000     1.500          
C3H8               2   266.800     4.982     0.000     0.000     1.000          
C3H6               2   266.800     4.982     0.000     0.000     1.000          
C3H3               2   252.000     4.760     0.000     0.000     1.000          
P-C3H4             2   252.000     4.760     0.000     0.000     1.000          
A-C3H4             2   252.000     4.760     0.000     0.000     1.000          
S-C3H5             2   266.800     4.982     0.000     0.000     1.000          
N-C4H3             2   357.000     5.180     0.000     0.000     1.000          
C2H3CHO            2   428.800     4.958     2.900     0.000     1.000          
A-C3H5             2   266.800     4.982     0.000     0.000     1.000          
C2O                1   232.400     3.828     0.000     0.000     1.000          
C4H4               2   357.000     5.180     0.000     0.000     1.000          
C3H2               2   209.000     4.100     0.000     0.000     1.000          
C3H2O              2   252.000     4.760     0.000     0.000     1.000          
C4H2               1   357.000     5.180     0.000     0.000     1.000          
I-C4H3             2   357.000     5.180     0.000     0.000     1.000          
T-C3H5             2   266.800     4.982     0.000     0.000     1.000          
C3H5O              2   411.000     4.820     0.000     0.000     1.000          
C4H                2   357.000     5.180     0.000     0.000     1.000          
C8H2               1   495.3       5.68      0.43     12.30      1.000          
C6H2               1   495.3       5.68      0.43     12.30      1.000          
C4H6               2   357.000     5.180     0.000     0.000     1.000          
N-C4H5             2   357.000     5.180     0.000     0.000     1.000          
I-C4H5             2   357.000     5.180     0.000     0.000     1.000          
A1                 2   464.8       5.29      0.00     10.32      1.000          
N-C7H16            2   459.600     6.253     0.000     0.000     1.000          
C5H11              2   440.735     5.041     0.000     0.000     0.000          
P-C4H9             2   352.000     5.240     0.000     0.000     1.000          
C7H15              2   459.600     6.253     0.000     0.000     1.000          
P-C4H8             2   345.700     5.088     0.300     0.000     1.000          
C5H10              2   386.200     5.489     0.400     0.000     1.000          
C7H14              2   457.800     6.173     0.300     0.000     1.000          
C7H15O             2   561.000     6.317     1.700     0.000     1.000          
C3H7CHO            2   464.200     5.009     2.600     0.000     1.000          
C4H7               2   355.000     4.650     0.000     0.000     1.000          
C7H13              2   457.800     6.173     0.300     0.000     1.000          
C5H9               2   396.800     5.458     0.000     0.000     1.000          
C4H7O              2   496.000     5.200     0.000     0.000     1.000          
N-C3H7O            2   481.500     4.997     0.000     0.000     0.000          
I-C8H18            2   458.500     6.414     0.000     0.000     1.000          
Y-C7H15            2   437.300     6.168     0.000     0.000     1.000          
I-C4H8             2   344.500     5.089     0.000     0.000     1.000          
I-C3H7             2   303.400     4.810     0.000     0.000     1.000          
T-C4H9             2   352.000     5.240     0.000     0.000     1.000          
C-C8H17            2   458.500     6.414     0.000     0.000     1.000          
Y-C7H14            2   439.200     6.151     0.000     0.000     1.000          
D-C8H17O           2   581.300     6.506     0.000     0.000     1.000          
CH3COCH3           2   435.500     4.860     0.000     0.000     1.000          
I-C4H7             2   355.000     4.650     0.000     0.000     1.000          
X-C7H13            2   439.200     6.151     0.000     0.000     1.000          
I-C3H5CHO          2   436.400     5.352     0.000     0.000     1.000          
T-C4H9O            2   496.000     5.200     0.000     0.000     1.000          
I-C4H7O            2   496.000     5.200     0.000     0.000     1.000          
C5H4CH2            2   464.8       5.29      0.00     10.32      1.000          
A1-                2   464.8       5.29      0.00     10.32      1.000          
A1C2H2             2   546.2       6.00      0.13     15.00      1.000          
A1C2H3             2   546.2       6.00      0.13     15.00      1.000          
A1C2H              2   535.6       5.72      0.77     12.00      1.000          
A1C2H*             2   535.6       5.72      0.77     12.00      1.000          
A1C2H3*            2   546.2       6.00      0.13     15.00      1.000          
A2-                2   630.4       6.18      0.00     16.50      1.000          
A2                 2   630.4       6.18      0.00     16.50      1.000          
A2*                2   630.4       6.18      0.00     16.50      1.000          
A2C2H2A            2   693.1       6.47      0.00     18.00      1.000          
A2C2H2B            2   693.1       6.47      0.00     18.00      1.000          
A2C2HA             2   693.1       6.47      0.00     18.00      1.000          
A2C2HB             2   693.1       6.47      0.00     18.00      1.000          
A2C2HA*            2   693.1       6.47      0.00     18.00      1.000          
A2C2HB*            2   693.1       6.47      0.00     18.00      1.000          
A2R5               2   693.1       6.47      0.00     18.00      1.000          
A2R5-              2   693.1       6.47      0.00     18.00      1.000          
A2R5C2H2           2   772.0       6.96      0.00     38.80      1.000          
A2R5C2H            2   772.8       6.94      0.00     18.00      1.000          
A2R5C2H*           2   772.8       6.94      0.00     18.00      1.000          
P2                 2   676.5       6.31      0.00     20.00      1.000          
P2-                2   676.5       6.31      0.00     20.00      1.000          
A3-                2   772.0       6.96      0.00     38.80      1.000          
A3                 2   772.0       6.96      0.00     38.80      1.000          
A3*                2   772.0       6.96      0.00     38.80      1.000          
A3R5-              2   837.5       7.28      0.00      0.00      0.000          
A3R5               2   837.5       7.28      0.00      0.00      0.000          
A4                 2   834.9       7.24      0.00     45.00      1.000          
A4-                2   834.9       7.24      0.00     45.00      1.000          
A4R5               2   834.9       7.24      0.00     45.00      1.000          
FLTN               2   834.9       7.24      0.00     45.00      1.000          
C5H6               2   400.0       5.20      0.00      0.00      0.000          
C5H5               2   400.0       5.20      0.00      0.00      1.000          
T-C5H5O            2   484.0       5.10      0.00      0.00      0.000          
C5H4O              2   484.0       5.10      0.00      0.00      0.000          
S-C5H5O            2   617.0       5.82      0.00      0.00      1.000          
C9H8               2   630.4       6.18      0.00     16.50      1.000          
C9H7               2   630.4       6.18      0.00     16.50      1.000          
A1CH2              2   495.3       5.68      0.43     12.30      1.000          
C9H6O              2   630.4       6.18      0.00     16.50      1.000          
O-C6H4             2   464.8       5.29      0.00     10.32      1.000          
A1CH3              2   495.3       5.68      0.43     12.30      1.000          
A1OH               2   410.0       5.92      0.00      0.00      0.000          
HOA1CH3            2   495.3       5.68      0.43     12.30      1.000          
OA1CH3             2   495.3       5.68      0.43     12.30      1.000          
A1CH2O             2   495.3       5.68      0.43     12.30      1.000          
A1CH2OH            2   495.3       5.68      0.43     12.30      1.000          
A1CHO              2   495.3       5.68      0.43     12.30      1.000          
A1O                2   410.0       5.92      0.00      0.00      0.000          
A1CH3*             2   495.3       5.68      0.43     12.30      1.000          
A1C2H4             2   546.2       6.00      0.13     15.00      1.000          
A1C2H5             2   546.2       6.00      0.13     15.00      1.000          
C8H9O2             2   546.2       6.00      0.13     15.00      1.000          
C8H8OOH            2   546.2       6.00      0.13     15.00      1.000          
OC8H7OOH           2   546.2       6.00      0.13     15.00      1.000          
A1CH3CH3           2   546.2       6.00      0.13     15.00      1.000          
A1CH3CH2           2   546.2       6.00      0.13     15.00      1.000          
A1CH3CHO           2   546.2       6.00      0.13     15.00      1.000          
A2CH3              2   693.1       6.47      0.00     18.00      1.000          
A1CHOCH2           2   546.2       6.00      0.13     15.00      1.000          
A1CHOCHO           2   546.2       6.00      0.13     15.00      1.000          
A2OH               2   630.4       6.18      0.00     16.50      1.000          
A2CH2              2   693.1       6.47      0.00     18.00      1.000          
A2CH2O             2   693.1       6.47      0.00     18.00      1.000          
A2CHO              2   693.1       6.47      0.00     18.00      1.000          
A2O                2   630.4       6.18      0.00     16.50      1.000          
OC6H4O             2   464.8       5.29      0.00     10.32      1.000          
END
