0.00000000E+00
0.00000000E+00
0.00000000E+00
0.00000000E+00
1.52534742E-01
5.46404022E-05
-2.93412470E-08
4.87091914E-12
2.70010150E-01
3.61555093E-04
-1.80744752E-07
2.75321248E-11
2.20482843E-01
4.80164288E-04
-2.32927944E-07
3.46470436E-11
2.72041664E-01
3.64275376E-04
-1.82104647E-07
2.77392722E-11
-1.41883744E-01
7.66558810E-04
-3.06550003E-07
4.02959502E-11
2.20907853E-01
4.81089870E-04
-2.33376944E-07
3.47138305E-11
2.21308399E-01
4.81962174E-04
-2.33800100E-07
3.47767730E-11
2.39409939E-01
4.47197179E-04
-2.18951702E-07
3.27973510E-11
2.44369385E-02
7.18242498E-04
-3.19718504E-07
4.48828685E-11
-1.24939361E-01
7.98387526E-04
-3.25758480E-07
4.33527762E-11
-1.24647991E-01
7.96525614E-04
-3.24998782E-07
4.32516736E-11
-1.04043629E-01
8.18046202E-04
-3.39827938E-07
4.57237033E-11
-1.03987766E-01
8.17606983E-04
-3.39645481E-07
4.56991537E-11
-1.27766470E-01
8.16453315E-04
-3.33129693E-07
4.43337561E-11
-9.21023733E-02
7.88088149E-04
-3.29284138E-07
4.44616237E-11
-9.21023733E-02
7.88088149E-04
-3.29284138E-07
4.44616237E-11
-1.22075454E-01
8.17126505E-04
-3.34931226E-07
4.46982121E-11
-1.21965674E-01
8.16391679E-04
-3.34630029E-07
4.46580159E-11
1.45433698E-01
5.30349600E-04
-2.50119652E-07
3.64615454E-11
1.40110486E-01
5.30879095E-04
-2.49899330E-07
3.63824346E-11
1.38760520E-01
5.25764067E-04
-2.47491546E-07
3.60318893E-11
1.38760520E-01
5.25764067E-04
-2.47491546E-07
3.60318893E-11
2.06186230E-02
7.06159318E-04
-3.13846398E-07
4.40152216E-11
2.05706803E-02
7.04517348E-04
-3.13116639E-07
4.39128769E-11
2.91872512E-02
6.94774200E-04
-3.10061931E-07
4.35969799E-11
4.60279131E-03
7.14928937E-04
-3.15298242E-07
4.40063580E-11
4.58951038E-03
7.12866075E-04
-3.14388478E-07
4.38793817E-11
-1.02672674E-01
8.07267026E-04
-3.35350116E-07
4.51212143E-11
-1.02562654E-01
8.06401993E-04
-3.34990770E-07
4.50728643E-11
-3.39072051E-02
7.65118148E-04
-3.30950799E-07
4.56413999E-11
1.42553184E-01
5.90117915E-04
-2.76615518E-07
4.01563042E-11
-1.17369854E-01
8.13516004E-04
-3.34522358E-07
4.47311738E-11
-1.18754320E-01
8.23112043E-04
-3.38468303E-07
4.52588120E-11
-1.02562654E-01
8.06401993E-04
-3.34990770E-07
4.50728643E-11
-1.03587971E-01
8.16147356E-04
-3.39090146E-07
4.56286173E-11
-1.03524471E-01
8.15647053E-04
-3.38882282E-07
4.56006467E-11
-1.00393146E-01
8.13817694E-04
-3.38807938E-07
4.56469607E-11
-1.06823844E-01
8.15994904E-04
-3.38245885E-07
4.54510823E-11
-9.84967444E-02
8.13467846E-04
-3.39095886E-07
4.57213842E-11
-2.60394763E-02
7.60095694E-04
-3.30132343E-07
4.56436051E-11
-2.92424827E-02
7.61690097E-04
-3.30272274E-07
4.56160597E-11
-3.50672683E-02
7.65133980E-04
-3.30748651E-07
4.55958475E-11
-3.50672683E-02
7.65133980E-04
-3.30748651E-07
4.55958475E-11
-3.50672683E-02
7.65133980E-04
-3.30748651E-07
4.55958475E-11
-4.10860441E-02
7.68546110E-04
-3.31151685E-07
4.55610601E-11
-4.10860441E-02
7.68546110E-04
-3.31151685E-07
4.55610601E-11
-4.10326924E-02
7.67548127E-04
-3.30721673E-07
4.55018974E-11
6.11934261E-02
6.77361200E-04
-3.06633855E-07
4.35061920E-11
-9.19446145E-02
8.10414246E-04
-3.39243384E-07
4.58583341E-11
-1.04268775E-01
8.22533014E-04
-3.41774106E-07
4.59923077E-11
-1.05108736E-01
8.29159120E-04
-3.44527347E-07
4.63628094E-11
-1.14913929E-01
8.26655698E-04
-3.41021619E-07
4.56899192E-11
-1.17395701E-01
8.31041549E-04
-3.42362121E-07
4.58312359E-11
-1.06894213E-01
8.16532428E-04
-3.38468699E-07
4.54810225E-11
-5.93988764E-02
7.92088150E-04
-3.38028568E-07
4.62344764E-11
-5.93988764E-02
7.92088150E-04
-3.38028568E-07
4.62344764E-11
-5.93988764E-02
7.92088150E-04
-3.38028568E-07
4.62344764E-11
-5.46762674E-02
7.88554645E-04
-3.37396585E-07
4.62213697E-11
-6.11567090E-02
7.92227713E-04
-3.37740285E-07
4.61660245E-11
-1.32195601E-01
8.35129289E-04
-3.40345849E-07
4.52612254E-11
-1.32195601E-01
8.35129289E-04
-3.40345849E-07
4.52612254E-11
-1.32176588E-01
8.35124828E-04
-3.40348958E-07
4.52620400E-11
-1.29244682E-01
8.30445245E-04
-3.39028438E-07
4.51342335E-11
-1.33425045E-01
8.35615591E-04
-3.40232955E-07
4.52209034E-11
-1.29143663E-01
8.29796160E-04
-3.38763449E-07
4.50989560E-11
-1.04699531E-01
8.21849021E-04
-3.41366616E-07
4.59273646E-11
-1.04658034E-01
8.21523284E-04
-3.41231317E-07
4.59091615E-11
-1.63879784E-01
8.43131969E-04
-3.34764254E-07
4.38100731E-11
-1.48745897E-01
8.40554309E-04
-3.38165309E-07
4.46165712E-11
-1.31473115E-01
8.30680111E-04
-3.38537546E-07
4.50211456E-11
-1.31421006E-01
8.30350873E-04
-3.38403368E-07
4.50033016E-11
-1.04615360E-01
8.21188312E-04
-3.41092181E-07
4.58904422E-11
-1.04571459E-01
8.20843705E-04
-3.40949044E-07
4.58711845E-11
-1.05204641E-01
8.25813930E-04
-3.43013497E-07
4.61489355E-11
-1.04615360E-01
8.21188312E-04
-3.41092181E-07
4.58904422E-11
-1.30947512E-01
8.34622686E-04
-3.40452855E-07
4.53009882E-11
-1.05583240E-01
8.28785778E-04
-3.44247896E-07
4.63150112E-11
-1.22773081E-01
8.22538277E-04
-3.37178237E-07
4.50004341E-11
-1.38803194E-01
8.31877402E-04
-3.37069375E-07
4.46672340E-11
-7.98730518E-02
8.09217929E-04
-3.41376701E-07
4.63649849E-11
-8.24577766E-02
8.10617664E-04
-3.41438437E-07
4.63296685E-11
-7.17774077E-02
8.04629455E-04
-3.41057287E-07
4.64559120E-11
-7.98395755E-02
8.08878771E-04
-3.41233624E-07
4.63455525E-11
-7.98395755E-02
8.08878771E-04
-3.41233624E-07
4.63455525E-11
-1.02241321E-01
8.24136196E-04
-3.42968388E-07
4.61963836E-11
-8.63216007E-02
8.16547094E-04
-3.43222496E-07
4.65128679E-11
-8.00276466E-02
8.04280902E-04
-3.39155777E-07
4.60519120E-11
-1.02213578E-01
8.23912569E-04
-3.42875325E-07
4.61838483E-11
-1.02213578E-01
8.23912569E-04
-3.42875325E-07
4.61838483E-11
-8.53113135E-02
8.12125014E-04
-3.41483216E-07
4.62870297E-11
-7.56591264E-02
8.00897037E-04
-3.38590446E-07
4.60465885E-11
-1.05913513E-01
8.28319476E-04
-3.43961182E-07
4.62688104E-11
-1.06755593E-01
8.28502196E-04
-3.43841064E-07
4.62365911E-11
-1.06755593E-01
8.28502196E-04
-3.43841064E-07
4.62365911E-11
-1.06732860E-01
8.28325768E-04
-3.43767843E-07
4.62267451E-11
-1.06732860E-01
8.28325768E-04
-3.43767843E-07
4.62267451E-11
-1.52491893E-01
8.42136029E-04
-3.37783932E-07
4.44837585E-11
-1.52865343E-01
8.44198405E-04
-3.38611159E-07
4.45926985E-11
-1.00370244E-01
8.22646724E-04
-3.42744263E-07
4.61987020E-11
-1.00339645E-01
8.22395928E-04
-3.42639772E-07
4.61846176E-11
-1.00339645E-01
8.22395928E-04
-3.42639772E-07
4.61846176E-11
-6.33705001E-02
7.99861237E-04
-3.40668919E-07
4.65391928E-11
-6.39301298E-02
8.06924873E-04
-3.43677392E-07
4.69501840E-11
-6.39301298E-02
8.06924873E-04
-3.43677392E-07
4.69501840E-11
-1.22073304E-01
8.31748650E-04
-3.41489587E-07
4.56195740E-11
-1.22039474E-01
8.31518150E-04
-3.41394950E-07
4.56069316E-11
-1.15551535E-01
8.34146170E-04
-3.44212220E-07
4.61256149E-11
-1.15533381E-01
8.34015120E-04
-3.44158142E-07
4.61183682E-11
-1.15533381E-01
8.34015120E-04
-3.44158142E-07
4.61183682E-11
-1.15533381E-01
8.34015120E-04
-3.44158142E-07
4.61183682E-11
-1.15533381E-01
8.34015120E-04
-3.44158142E-07
4.61183682E-11
-1.26525211E-01
8.37403309E-04
-3.42872327E-07
4.57278293E-11
-1.26525211E-01
8.37403309E-04
-3.42872327E-07
4.57278293E-11
-1.59101670E-01
8.45631864E-04
-3.37387903E-07
4.42860694E-11
-1.59101670E-01
8.45631864E-04
-3.37387903E-07
4.42860694E-11
-1.59101670E-01
8.45631864E-04
-3.37387903E-07
4.42860694E-11
-1.59101670E-01
8.45631864E-04
-3.37387903E-07
4.42860694E-11
-1.59116895E-01
8.45712786E-04
-3.37420190E-07
4.42903073E-11
-1.58828441E-01
8.44179643E-04
-3.36808500E-07
4.42100160E-11
-1.59101670E-01
8.45631864E-04
-3.37387903E-07
4.42860694E-11
-1.59101670E-01
8.45631864E-04
-3.37387903E-07
4.42860694E-11
-1.59101670E-01
8.45631864E-04
-3.37387903E-07
4.42860694E-11
-1.59101670E-01
8.45631864E-04
-3.37387903E-07
4.42860694E-11
-1.59101670E-01
8.45631864E-04
-3.37387903E-07
4.42860694E-11
-1.59101670E-01
8.45631864E-04
-3.37387903E-07
4.42860694E-11
-1.59101670E-01
8.45631864E-04
-3.37387903E-07
4.42860694E-11
-1.59101670E-01
8.45631864E-04
-3.37387903E-07
4.42860694E-11
-1.58808962E-01
8.44076111E-04
-3.36767193E-07
4.42045940E-11
-1.58808962E-01
8.44076111E-04
-3.36767193E-07
4.42045940E-11
-1.58808962E-01
8.44076111E-04
-3.36767193E-07
4.42045940E-11
-1.59500964E-01
8.47754127E-04
-3.38234638E-07
4.43972131E-11
-1.59500964E-01
8.47754127E-04
-3.38234638E-07
4.43972131E-11
-1.59500964E-01
8.47754127E-04
-3.38234638E-07
4.43972131E-11
-1.59500964E-01
8.47754127E-04
-3.38234638E-07
4.43972131E-11
-1.59500964E-01
8.47754127E-04
-3.38234638E-07
4.43972131E-11
-1.59308473E-01
8.46731030E-04
-3.37826445E-07
4.43436331E-11
-1.59308473E-01
8.46731030E-04
-3.37826445E-07
4.43436331E-11
-1.59308473E-01
8.46731030E-04
-3.37826445E-07
4.43436331E-11
-1.59308473E-01
8.46731030E-04
-3.37826445E-07
4.43436331E-11
-1.52491893E-01
8.42136029E-04
-3.37783932E-07
4.44837585E-11
-1.52491893E-01
8.42136029E-04
-3.37783932E-07
4.44837585E-11
2.40744421E-01
4.45343451E-04
-2.18173874E-07
3.26958506E-11
-1.52534742E-01
-5.46404022E-05
2.93412470E-08
-4.87091914E-12
0.00000000E+00
0.00000000E+00
0.00000000E+00
0.00000000E+00
4.15583337E-01
1.09738399E-05
-3.96021963E-09
1.14414443E-12
4.42739084E-01
7.11770818E-05
-3.84768062E-08
6.86323437E-12
4.21932443E-01
1.11414935E-05
-4.02072219E-09
1.16162418E-12
6.02028221E-02
5.61561867E-04
-2.55372862E-07
3.63389913E-11
4.44452569E-01
7.14525507E-05
-3.86257187E-08
6.88979640E-12
4.46070183E-01
7.17126069E-05
-3.87662996E-08
6.91487226E-12
4.44653617E-01
5.06631704E-05
-2.69820900E-08
5.01289759E-12
3.25742450E-01
3.03633411E-04
-1.55290330E-07
2.41466436E-11
1.62150353E-01
5.03437742E-04
-2.39393146E-07
3.50985310E-11
1.61392287E-01
5.01084129E-04
-2.38273963E-07
3.49344424E-11
2.05471564E-01
4.98697708E-04
-2.40391710E-07
3.55905178E-11
2.05250805E-01
4.98161906E-04
-2.40133433E-07
3.55522793E-11
1.69589725E-01
5.26535199E-04
-2.50376376E-07
3.67088330E-11
1.79392537E-01
4.84492799E-04
-2.32135903E-07
3.42180223E-11
1.79392537E-01
4.84492799E-04
-2.32135903E-07
3.42180223E-11
1.78316956E-01
5.19651938E-04
-2.47943281E-07
3.64393019E-11
1.77995954E-01
5.18716471E-04
-2.47496938E-07
3.63737046E-11
3.58657909E-01
1.21525010E-04
-6.53757512E-08
1.09002597E-11
3.50275649E-01
1.23585054E-04
-6.63975180E-08
1.10356016E-11
3.43460159E-01
1.21180397E-04
-6.51055879E-08
1.08208763E-11
3.43460159E-01
1.21180397E-04
-6.51055879E-08
1.08208763E-11
3.09436982E-01
2.95238378E-04
-1.50778931E-07
2.34124654E-11
3.07994616E-01
2.93862196E-04
-1.50076111E-07
2.33033338E-11
3.13504662E-01
2.81285469E-04
-1.44199216E-07
2.24737607E-11
2.91552639E-01
3.11417641E-04
-1.57923338E-07
2.43600420E-11
2.89865274E-01
3.09615306E-04
-1.57009355E-07
2.42190579E-11
2.00086187E-01
4.85626920E-04
-2.34091082E-07
3.46576959E-11
1.99656919E-01
4.84585050E-04
-2.33588860E-07
3.45833409E-11
2.60030761E-01
3.99316781E-04
-1.97902336E-07
2.99306700E-11
4.09575348E-01
1.57807312E-04
-8.45204038E-08
1.39529582E-11
1.82806797E-01
5.09738157E-04
-2.43800231E-07
3.58919427E-11
1.87149944E-01
5.21848580E-04
-2.49592467E-07
3.67446679E-11
1.99656919E-01
4.84585050E-04
-2.33588860E-07
3.45833409E-11
2.04835323E-01
4.96140977E-04
-2.39187335E-07
3.54152450E-11
2.04584038E-01
4.95532328E-04
-2.38893909E-07
3.53717989E-11
1.79095735E-01
5.27700460E-04
-2.51633542E-07
3.69660367E-11
1.99943603E-01
4.99679992E-04
-2.40461979E-07
3.55574719E-11
2.10528015E-01
4.87624621E-04
-2.35691719E-07
3.49641205E-11
2.80242994E-01
3.71576368E-04
-1.85870558E-07
2.83278867E-11
2.76547950E-01
3.75278865E-04
-1.87447022E-07
2.85327362E-11
2.70279710E-01
3.82657119E-04
-1.90620198E-07
2.89507668E-11
2.70279710E-01
3.82657119E-04
-1.90620198E-07
2.89507668E-11
2.70279710E-01
3.82657119E-04
-1.90620198E-07
2.89507668E-11
2.63715777E-01
3.90314606E-04
-1.93890428E-07
2.93794381E-11
2.63715777E-01
3.90314606E-04
-1.93890428E-07
2.93794381E-11
2.63029999E-01
3.89299614E-04
-1.93386226E-07
2.93030384E-11
3.50473747E-01
2.52105566E-04
-1.30958589E-07
2.06945444E-11
2.18130020E-01
4.77411856E-04
-2.31524466E-07
3.44307131E-11
1.77787447E-01
5.43264148E-04
-2.58549878E-07
3.79297532E-11
1.80664547E-01
5.52055688E-04
-2.62733941E-07
3.85435631E-11
1.85784117E-01
5.33075525E-04
-2.54562792E-07
3.74345638E-11
1.72051375E-01
5.57377378E-04
-2.64451450E-07
3.87118522E-11
2.00207371E-01
5.00339174E-04
-2.40779198E-07
3.56043797E-11
2.53746727E-01
4.28130462E-04
-2.10936827E-07
3.17520211E-11
2.53746727E-01
4.28130462E-04
-2.10936827E-07
3.17520211E-11
2.53746727E-01
4.28130462E-04
-2.10936827E-07
3.17520211E-11
2.57422758E-01
4.21899101E-04
-2.08243222E-07
3.13915993E-11
2.51174519E-01
4.29741038E-04
-2.11546988E-07
3.18221078E-11
1.75204779E-01
5.53044408E-04
-2.62752428E-07
3.84997383E-11
1.75204779E-01
5.53044408E-04
-2.62752428E-07
3.84997383E-11
1.66674384E-01
5.63708093E-04
-2.66861674E-07
3.90042625E-11
1.76510231E-01
5.43767506E-04
-2.58677487E-07
3.79369171E-11
1.73696024E-01
5.55332253E-04
-2.63662580E-07
3.86149595E-11
1.76234252E-01
5.42917309E-04
-2.58273037E-07
3.78776016E-11
2.07130705E-01
5.03544792E-04
-2.42705429E-07
3.59306065E-11
2.06966449E-01
5.03145478E-04
-2.42512962E-07
3.59021133E-11
1.33041015E-01
6.13491638E-04
-2.86166383E-07
4.14055732E-11
1.54076944E-01
5.84206761E-04
-2.74992761E-07
4.00348120E-11
1.64904102E-01
5.57720837E-04
-2.64027283E-07
3.85899904E-11
1.64773332E-01
5.57278561E-04
-2.63817908E-07
3.85593883E-11
2.06797600E-01
5.02734999E-04
-2.42315114E-07
3.58728235E-11
2.06623965E-01
5.02312882E-04
-2.42111656E-07
3.58427032E-11
2.09135068E-01
5.08417496E-04
-2.45054041E-07
3.62782999E-11
2.06797600E-01
5.02734999E-04
-2.42315114E-07
3.58728235E-11
1.76726924E-01
5.50725944E-04
-2.61828292E-07
3.83825787E-11
2.10643519E-01
5.12084614E-04
-2.46821570E-07
3.65399684E-11
1.71530543E-01
5.38250301E-04
-2.55803460E-07
3.74897401E-11
1.57043366E-01
5.66844087E-04
-2.67466965E-07
3.90040419E-11
2.34740483E-01
4.65033278E-04
-2.26870858E-07
3.38905434E-11
2.32508917E-01
4.68100769E-04
-2.28144961E-07
3.40556609E-11
2.44292216E-01
4.51797295E-04
-2.21338890E-07
3.31705439E-11
2.34543632E-01
4.64643307E-04
-2.26680607E-07
3.38621232E-11
2.34543632E-01
4.64643307E-04
-2.26680607E-07
3.38621232E-11
2.12404789E-01
5.03235664E-04
-2.42917407E-07
3.60011692E-11
2.30975661E-01
4.78206596E-04
-2.32678618E-07
3.46882690E-11
2.31564047E-01
4.59092830E-04
-2.23962352E-07
3.34548812E-11
2.12289485E-01
5.02962482E-04
-2.42785539E-07
3.59816260E-11
2.12289485E-01
5.02962482E-04
-2.42785539E-07
3.59816260E-11
2.29297280E-01
4.72498939E-04
-2.29966491E-07
3.42912497E-11
2.35666929E-01
4.51457148E-04
-2.20697011E-07
3.30196382E-11
2.09820768E-01
5.11957556E-04
-2.46708335E-07
3.65175848E-11
2.08683281E-01
5.13131654E-04
-2.47164490E-07
3.65732698E-11
2.08683281E-01
5.13131654E-04
-2.47164490E-07
3.65732698E-11
2.08594384E-01
5.12913066E-04
-2.47059201E-07
3.65576900E-11
2.08594384E-01
5.12913066E-04
-2.47059201E-07
3.65576900E-11
1.45004443E-01
5.97537231E-04
-2.80152884E-07
4.06756994E-11
1.45715687E-01
6.00468138E-04
-2.81527027E-07
4.08752128E-11
2.14165133E-01
4.99539741E-04
-2.41352239E-07
3.57930694E-11
2.14034510E-01
4.99235063E-04
-2.41205034E-07
3.57712386E-11
2.14034510E-01
4.99235063E-04
-2.41205034E-07
3.57712386E-11
2.53550687E-01
4.39453163E-04
-2.16154503E-07
3.24946968E-11
2.58050685E-01
4.47252545E-04
-2.19990797E-07
3.30714102E-11
2.58050685E-01
4.47252545E-04
-2.19990797E-07
3.30714102E-11
1.73524263E-01
5.53946647E-04
-2.63025493E-07
3.85237842E-11
1.73428060E-01
5.53639534E-04
-2.62879669E-07
3.85024263E-11
1.99384399E-01
5.29873431E-04
-2.54107763E-07
3.74810135E-11
1.99321740E-01
5.29706912E-04
-2.54027906E-07
3.74692346E-11
1.99321740E-01
5.29706912E-04
-2.54027906E-07
3.74692346E-11
1.99321740E-01
5.29706912E-04
-2.54027906E-07
3.74692346E-11
1.99321740E-01
5.29706912E-04
-2.54027906E-07
3.74692346E-11
1.85018476E-01
5.47872099E-04
-2.61182229E-07
3.83614877E-11
1.85018476E-01
5.47872099E-04
-2.61182229E-07
3.83614877E-11
1.36135012E-01
6.14127572E-04
-2.86742451E-07
4.15161395E-11
1.36135012E-01
6.14127572E-04
-2.86742451E-07
4.15161395E-11
1.36135012E-01
6.14127572E-04
-2.86742451E-07
4.15161395E-11
1.36135012E-01
6.14127572E-04
-2.86742451E-07
4.15161395E-11
1.36161072E-01
6.14245132E-04
-2.86797341E-07
4.15240868E-11
1.35667762E-01
6.12019732E-04
-2.85758279E-07
4.13736457E-11
1.36135012E-01
6.14127572E-04
-2.86742451E-07
4.15161395E-11
1.36135012E-01
6.14127572E-04
-2.86742451E-07
4.15161395E-11
1.36135012E-01
6.14127572E-04
-2.86742451E-07
4.15161395E-11
1.36135012E-01
6.14127572E-04
-2.86742451E-07
4.15161395E-11
1.36135012E-01
6.14127572E-04
-2.86742451E-07
4.15161395E-11
1.36135012E-01
6.14127572E-04
-2.86742451E-07
4.15161395E-11
1.36135012E-01
6.14127572E-04
-2.86742451E-07
4.15161395E-11
1.36135012E-01
6.14127572E-04
-2.86742451E-07
4.15161395E-11
1.35634481E-01
6.11869595E-04
-2.85688178E-07
4.13634962E-11
1.35634481E-01
6.11869595E-04
-2.85688178E-07
4.13634962E-11
1.35634481E-01
6.11869595E-04
-2.85688178E-07
4.13634962E-11
1.36819261E-01
6.17214335E-04
-2.88183692E-07
4.17248103E-11
1.36819261E-01
6.17214335E-04
-2.88183692E-07
4.17248103E-11
1.36819261E-01
6.17214335E-04
-2.88183692E-07
4.17248103E-11
1.36819261E-01
6.17214335E-04
-2.88183692E-07
4.17248103E-11
1.36819261E-01
6.17214335E-04
-2.88183692E-07
4.17248103E-11
1.36489189E-01
6.15725326E-04
-2.87488459E-07
4.16241506E-11
1.36489189E-01
6.15725326E-04
-2.87488459E-07
4.16241506E-11
1.36489189E-01
6.15725326E-04
-2.87488459E-07
4.16241506E-11
1.36489189E-01
6.15725326E-04
-2.87488459E-07
4.16241506E-11
1.45004443E-01
5.97537231E-04
-2.80152884E-07
4.06756994E-11
1.45004443E-01
5.97537231E-04
-2.80152884E-07
4.06756994E-11
4.45261966E-01
4.94697174E-05
-2.63023442E-08
4.90306217E-12
