TRANS ALL
H2                 1    38.000     2.920     0.000     0.790   280.000          
H                  0   145.000     2.050     0.000     0.000     0.000          
O                  0    80.000     2.750     0.000     0.000     0.000          
O2                 1   107.400     3.458     0.000     1.600     3.800          
OH                 1    80.000     2.750     0.000     0.000     0.000          
H2O                2   572.400     2.605     1.844     0.000     4.000          
HO2                2   107.400     3.458     0.000     0.000     1.000          
H2O2               2   107.400     3.458     0.000     0.000     3.800          
C                  0    71.400     3.298     0.000     0.000     0.000          
CH                 1    80.000     2.750     0.000     0.000     0.000          
CH2                1   144.000     3.800     0.000     0.000     0.000          
CH2(S)             1   144.000     3.800     0.000     0.000     0.000          
CH3                1   144.000     3.800     0.000     0.000     0.000          
CH4                2   141.400     3.746     0.000     2.600    13.000          
CO                 1    98.100     3.650     0.000     1.950     1.800          
CO2                1   244.000     3.763     0.000     2.650     2.100          
HCO                2   498.000     3.590     0.000     0.000     0.000          
CH2O               2   498.000     3.590     0.000     0.000     2.000          
CH2OH              2   417.000     3.690     1.700     0.000     2.000          
CH3O               2   417.000     3.690     1.700     0.000     2.000          
CH3OH              2   481.800     3.626     0.000     0.000     1.000          
C2H                1   209.000     4.100     0.000     0.000     2.500          
C2H2               1   209.000     4.100     0.000     0.000     2.500          
C2H3               2   209.000     4.100     0.000     0.000     1.000          
C2H4               2   280.800     3.971     0.000     0.000     1.500          
C2H5               2   252.300     4.302     0.000     0.000     1.500          
C2H6               2   252.300     4.302     0.000     0.000     1.500          
HCCO               2   150.000     2.500     0.000     0.000     1.000          
CH2CO              2   436.000     3.970     0.000     0.000     2.000          
HCCOH              2   436.000     3.970     0.000     0.000     2.000          
N                  0    71.400     3.298     0.000     0.000     0.000          
NH                 1    80.000     2.650     0.000     0.000     4.000          
NH2                2    80.000     2.650     0.000     2.260     4.000          
NH3                2   481.000     2.920     1.470     0.000    10.000          
NNH                2    71.400     3.798     0.000     0.000     1.000          
NO                 1    97.530     3.621     0.000     1.760     4.000          
NO2                2   200.000     3.500     0.000     0.000     1.000          
N2O                1   232.400     3.828     0.000     0.000     1.000          
HNO                2   116.700     3.492     0.000     0.000     1.000          
CN                 1    75.000     3.856     0.000     0.000     1.000          
HCN                1   569.000     3.630     0.000     0.000     1.000          
H2CN               1   569.000     3.630     0.000     0.000     1.000          
HCNN               2   150.000     2.500     0.000     0.000     1.000          
HCNO               2   232.400     3.828     0.000     0.000     1.000          
HOCN               2   232.400     3.828     0.000     0.000     1.000          
HNCO               2   232.400     3.828     0.000     0.000     1.000          
NCO                1   232.400     3.828     0.000     0.000     1.000          
N2                 1    97.530     3.621     0.000     1.760     4.000          
AR                 0   136.500     3.330     0.000     0.000     0.000          
C3H7               2   266.800     4.982     0.000     0.000     1.000          
C3H8               2   266.800     4.982     0.000     0.000     1.000          
CH2CHO             2   436.000     3.970     0.000     0.000     2.000          
CH3CHO             2   436.000     3.970     0.000     0.000     2.000          
HF                 1   330.000     3.148     1.920     2.460     1.000          
F                  0    80.000     2.750     0.000     0.000     0.000          
F2                 1   125.700     3.301     0.000     1.600     3.800          
CH3F               2   262.000     4.123     1.800     0.000     0.000          
CH2F2              2   262.000     4.123     1.800     0.000     0.000          
CHF3               2   262.000     4.123     1.800     0.000     0.000          
CF4                2   134.000     4.662     0.000     0.000     0.000          
CH2F               2   262.000     4.123     1.800     0.000     0.000          
CHF2               2   262.000     4.123     1.800     0.000     0.000          
CF3                2   121.000     4.320     0.000     0.000     0.000          
CHF                2   262.000     4.123     1.800     0.000     0.000          
CF2                2   108.000     3.977     0.000     0.000     0.000          
CF                 1    94.200     3.635     0.000     0.000     0.000          
CF3O               2   350.500     4.906     0.000     0.000     0.000          
CF2O               2   350.500     4.906     0.000     0.000     0.000          
CHFO               2   350.500     4.906     0.000     0.000     0.000          
CFO                2   860.000     4.000     0.000     0.000     0.000          
iC3H7              2   266.800     4.982     0.000     0.000     1.000          
nC3H7              2   266.800     4.982     0.000     0.000     1.000          
END
