TRANS ALL
h                  0   145.000     2.050     0.000     0.000     0.000          
h2                 1    38.000     2.920     0.000     0.790   280.000          
o                  0    80.000     2.750     0.000     0.000     0.000          
o2                 1   107.400     3.458     0.000     1.600     3.800          
oh                 1    80.000     2.750     0.000     0.000     0.000          
h2o                2   572.400     2.605     1.844     0.000     4.000          
co                 1    98.100     3.650     0.000     1.950     1.800          
hco                2   498.000     3.590     0.000     0.000     0.000          
co2                1   244.000     3.763     0.000     2.650     2.100          
ch3                1   144.000     3.800     0.000     0.000     0.000          
ch4                2   141.400     3.746     0.000     2.600    13.000          
ho2                2   107.400     3.458     0.000     0.000     1.000          
h2o2               2   107.400     3.458     0.000     0.000     3.800          
ch2o               2   498.000     3.590     0.000     0.000     2.000          
ch3o               2   417.000     3.690     1.700     0.000     2.000          
c2h6               2   247.500     4.350     0.000     0.000     1.500          
c2h4               2   238.400     3.496     0.000     0.000     1.500          
c2h5               2   247.500     4.350     0.000     0.000     1.500          
c2h2               1   265.300     3.721     0.000     0.000     2.500          
c2h3               2   265.300     3.721     0.000     0.000     1.000          
ch2co              2   436.000     3.970     0.000     0.000     2.000          
hcco               2   150.000     2.500     0.000     0.000     1.000          
ch3co              2   436.000     3.970     0.000     0.000     2.000          
ch2cho             2   436.000     3.970     0.000     0.000     2.000          
ch3cho             2   436.000     3.970     0.000     0.000     2.000          
c3h4-a             1   324.800     4.290     0.000     0.000     1.000          
c3h6               2   307.800     4.140     0.000     0.000     1.000          
c4h6               2   357.000     4.720     0.000     0.000     1.000          
nc3h7              2   303.400     4.810     0.000     0.000     1.000          
c4h7               2   355.000     4.650     0.000     0.000     1.000          
c4h8-1             2   355.000     4.650     0.000     0.000     1.000          
pc4h9              2   352.000     5.240     0.000     0.000     1.000          
ch3coch2           2   435.500     4.860     0.000     0.000     1.000          
c2h5cho               2   435.2   4.662   2.7 0.0 1.0          
c2h5co             2   424.600     4.820     0.000     0.000     1.000          
c5h9                  2   396.8   5.458   0.0 0.0 1.0          
c5h10-1               2   386.2   5.489   0.4 0.0 1.0          
c2h5o              2   470.600     4.410     0.000     0.000     1.500          
ch3o2              2   481.800     3.626     0.000     0.000     1.000          
ch3o2h             2   481.800     3.626     0.000     0.000     1.000          
c2h3co             2   443.200     4.120     0.000     0.000     1.000          
c2h3cho               2   428.8   4.958   2.9 0.0 1.0          
c3h5o              2   411.000     4.820     0.000     0.000     1.000          
c4h7o              2   496.000     5.200     0.000     0.000     1.000          
c4h8ooh1-3o2         2   496.000     5.200     0.000     0.000     1.000          
c4h8ooh1-3         2   496.000     5.200     0.000     0.000     1.000          
pc4h9o2            2   496.000     5.200     0.000     0.000     1.000          
c3h5-a             2   316.000     4.220     0.000     0.000     1.000          
c3h3               1   324.800     4.290     0.000     0.000     1.000          
c3h2               2   209.000     4.100     0.000     0.000     1.000          
ch2(s)             1   144.000     3.800     0.000     0.000     0.000          
nc4ket13              2   476.0   5.778   2.6 0.0 1.0          
nc3h7cho              2   464.2   5.009   2.6 0.0 1.0          
nc3h7co               2   464.2   5.009   2.6 0.0 1.0          
c2h5coch2             2   454.0   5.413   3.3 0.0 1.0          
nc3h7coch2            2   489.084     5.348     0.000     0.000     0.000          
nc4h9cho              2   476.0   5.778   2.6 0.0 1.0          
nc4h9co               2   476.0   5.778   2.6 0.0 1.0          
nc7h16                2   459.6   6.253   0.0 0.0 1.0          
c7h15-1               2   459.6   6.253   0.0 0.0 1.0          
c7h15-2               2   459.6   6.253   0.0 0.0 1.0          
c7h15-3               2   459.6   6.253   0.0 0.0 1.0          
c7h15-4               2   459.6   6.253   0.0 0.0 1.0          
c7h14-2               2   457.8   6.173   0.3 0.0 1.0          
c7h14-3               2   457.8   6.173   0.3 0.0 1.0          
c7h15o2-1             2   561.0   6.317   1.7 0.0 1.0          
c7h15o2-2             2   561.0   6.317   1.7 0.0 1.0          
c7h15o2-3             2   561.0   6.317   1.7 0.0 1.0          
c7h15o2-4             2   561.0   6.317   1.7 0.0 1.0          
c7h14ooh1-3           2   561.0   6.317   1.7 0.0 1.0          
c7h14ooh2-3           2   561.0   6.317   1.7 0.0 1.0          
c7h14ooh2-4           2   561.0   6.317   1.7 0.0 1.0          
c7h14ooh3-2           2   561.0   6.317   1.7 0.0 1.0          
c7h14ooh3-4           2   561.0   6.317   1.7 0.0 1.0          
c7h14ooh3-5           2   561.0   6.317   1.7 0.0 1.0          
c7h14ooh4-2           2   561.0   6.317   1.7 0.0 1.0          
c7h14ooh4-3           2   561.0   6.317   1.7 0.0 1.0          
c7h14ooh1-3o2         2   600.6   7.229   1.8 0.0 1.0          
c7h14ooh2-4o2         2   600.6   7.229   1.8 0.0 1.0          
c7h14ooh3-5o2         2   600.6   7.229   1.8 0.0 1.0          
c7h14ooh4-2o2         2   600.6   7.229   1.8 0.0 1.0          
c7h14o1-3             2   511.5   6.297   0.0 0.0 1.0          
c7h14o2-4             2   511.5   6.297   0.0 0.0 1.0          
nc7ket13              2   581.3   6.506   2.0 0.0 1.0          
nc7ket24              2   581.3   6.506   2.0 0.0 1.0          
nc7ket35              2   581.3   6.506   2.0 0.0 1.0          
nc7ket42              2   581.3   6.506   2.0 0.0 1.0          
n2                 1    97.530     3.621     0.000     1.760     4.000          
END
